tanggal,pendapatan,tabungan,jumlah_pokok,jumlah_want
2022-12-25,1742000,348400,871000,522600
2023-04-04,7655000,1531000,3827500,2296500
2021-10-13,7678000,1535600,3839000,2303400
2021-01-14,5745000,1149000,2872500,1723500
2023-03-16,3405000,681000,1702500,1021500
2022-12-07,2625000,525000,1312500,787500
2023-10-02,4131000,826200,2065500,1239300
2023-05-19,4934000,986800,2467000,1480200
2023-07-20,3386000,677200,1693000,1015800
2022-09-09,340000,68000,170000,102000
2023-02-23,5618000,1123600,2809000,1685400
2021-04-02,2706000,541200,1353000,811800
2022-11-28,2928000,585600,1464000,878400
2021-07-11,2685000,537000,1342500,805500
2023-03-03,3748000,749600,1874000,1124400
2024-08-09,990000,198000,495000,297000
2022-12-08,8808000,1761600,4404000,2642400
2021-11-01,6791000,1358200,3395500,2037300
2022-10-17,9473000,1894600,4736500,2841900
2021-07-25,6426000,1285200,3213000,1927800
2024-10-22,8839000,1767800,4419500,2651700
2021-07-31,4005000,801000,2002500,1201500
2021-06-22,7996000,1599200,3998000,2398800
2024-04-02,8775000,1755000,4387500,2632500
2022-04-14,7471000,1494200,3735500,2241300
2021-02-10,6944000,1388800,3472000,2083200
2022-01-12,9197000,1839400,4598500,2759100
2022-12-23,5752000,1150400,2876000,1725600
2024-07-27,5294000,1058800,2647000,1588200
2024-09-12,5350000,1070000,2675000,1605000
2022-01-11,8665000,1733000,4332500,2599500
2024-02-10,9763000,1952600,4881500,2928900
2024-06-05,5962000,1192400,2981000,1788600
2024-02-15,2485000,497000,1242500,745500
2021-10-12,3482000,696400,1741000,1044600
2022-10-04,4130000,826000,2065000,1239000
2023-02-13,5978000,1195600,2989000,1793400
2024-08-05,8811000,1762200,4405500,2643300
2021-08-25,6893000,1378600,3446500,2067900
2023-07-01,3466000,693200,1733000,1039800
2023-10-15,9290000,1858000,4645000,2787000
2022-08-12,8981000,1796200,4490500,2694300
2022-12-17,8936000,1787200,4468000,2680800
2022-04-17,2089000,417800,1044500,626700
2023-01-12,356000,71200,178000,106800
2023-05-06,2905000,581000,1452500,871500
2023-08-02,3567000,713400,1783500,1070100
2023-07-10,9225000,1845000,4612500,2767500
2022-10-08,2585000,517000,1292500,775500
2024-07-16,8001000,1600200,4000500,2400300
2022-07-19,3099000,619800,1549500,929700
2022-12-11,8816000,1763200,4408000,2644800
2023-12-07,8691000,1738200,4345500,2607300
2023-08-18,4544000,908800,2272000,1363200
2023-12-20,939000,187800,469500,281700
2023-06-26,3369000,673800,1684500,1010700
2022-10-29,2469000,493800,1234500,740700
2024-10-23,4617000,923400,2308500,1385100
2021-02-08,7531000,1506200,3765500,2259300
2024-04-14,4584000,916800,2292000,1375200
2023-10-22,3273000,654600,1636500,981900
2022-01-11,4754000,950800,2377000,1426200
2023-05-13,2467000,493400,1233500,740100
2024-11-07,1724000,344800,862000,517200
2022-11-05,6154000,1230800,3077000,1846200
2022-12-21,7355000,1471000,3677500,2206500
2021-03-23,8335000,1667000,4167500,2500500
2021-03-23,758000,151600,379000,227400
2023-01-26,8462000,1692400,4231000,2538600
2023-04-28,2532000,506400,1266000,759600
2021-10-12,665000,133000,332500,199500
2022-02-16,2192000,438400,1096000,657600
2024-12-02,9580000,1916000,4790000,2874000
2021-04-22,2816000,563200,1408000,844800
2024-05-19,1917000,383400,958500,575100
2023-01-17,3657000,731400,1828500,1097100
2022-05-27,6770000,1354000,3385000,2031000
2023-05-15,441000,88200,220500,132300
2022-09-24,2115000,423000,1057500,634500
2022-08-01,7702000,1540400,3851000,2310600
2023-08-29,165000,33000,82500,49500
2023-08-08,1093000,218600,546500,327900
2022-08-25,6969000,1393800,3484500,2090700
2022-01-21,7934000,1586800,3967000,2380200
2023-04-20,2305000,461000,1152500,691500
2022-11-12,6523000,1304600,3261500,1956900
2022-02-28,8839000,1767800,4419500,2651700
2023-08-22,4971000,994200,2485500,1491300
2021-11-15,2322000,464400,1161000,696600
2023-08-04,7704000,1540800,3852000,2311200
2022-10-16,9367000,1873400,4683500,2810100
2021-04-26,4663000,932600,2331500,1398900
2021-12-19,8485000,1697000,4242500,2545500
2023-08-31,9829000,1965800,4914500,2948700
2022-07-24,315000,63000,157500,94500
2021-08-24,4702000,940400,2351000,1410600
2022-02-10,3225000,645000,1612500,967500
2023-03-28,8205000,1641000,4102500,2461500
2021-01-31,2849000,569800,1424500,854700
2024-10-12,2124000,424800,1062000,637200
2021-10-28,409000,81800,204500,122700
2024-05-05,8204000,1640800,4102000,2461200
2021-06-15,6734000,1346800,3367000,2020200
2024-01-11,9530000,1906000,4765000,2859000
2023-07-29,1742000,348400,871000,522600
2023-09-23,9686000,1937200,4843000,2905800
2021-02-16,1835000,367000,917500,550500
2024-12-02,2716000,543200,1358000,814800
2021-10-13,4103000,820600,2051500,1230900
2022-11-15,4066000,813200,2033000,1219800
2024-10-30,9275000,1855000,4637500,2782500
2022-03-26,3122000,624400,1561000,936600
2023-11-19,7211000,1442200,3605500,2163300
2022-01-15,7179000,1435800,3589500,2153700
2023-04-09,8016000,1603200,4008000,2404800
2021-04-11,7532000,1506400,3766000,2259600
2023-09-22,201000,40200,100500,60300
2024-05-06,8929000,1785800,4464500,2678700
2021-06-02,2162000,432400,1081000,648600
2022-07-11,7378000,1475600,3689000,2213400
2021-06-16,6383000,1276600,3191500,1914900
2024-04-16,7185000,1437000,3592500,2155500
2024-02-19,4297000,859400,2148500,1289100
2024-01-16,3491000,698200,1745500,1047300
2024-01-19,8820000,1764000,4410000,2646000
2022-11-19,8589000,1717800,4294500,2576700
2022-02-24,9424000,1884800,4712000,2827200
2023-09-15,6016000,1203200,3008000,1804800
2022-03-08,3160000,632000,1580000,948000
2022-03-04,2879000,575800,1439500,863700
2024-10-23,9912000,1982400,4956000,2973600
2023-05-01,6283000,1256600,3141500,1884900
2024-09-20,1844000,368800,922000,553200
2021-01-27,9224000,1844800,4612000,2767200
2022-09-05,3337000,667400,1668500,1001100
2021-11-19,7426000,1485200,3713000,2227800
2021-06-11,1838000,367600,919000,551400
2021-05-07,9963000,1992600,4981500,2988900
2022-10-28,3113000,622600,1556500,933900
2023-01-23,5529000,1105800,2764500,1658700
2021-03-31,7550000,1510000,3775000,2265000
2023-06-06,5422000,1084400,2711000,1626600
2022-06-06,750000,150000,375000,225000
2022-02-15,6078000,1215600,3039000,1823400
2023-06-24,734000,146800,367000,220200
2024-05-05,735000,147000,367500,220500
2023-12-17,577000,115400,288500,173100
2021-01-28,8241000,1648200,4120500,2472300
2021-10-24,5703000,1140600,2851500,1710900
2021-11-16,223000,44600,111500,66900
2021-08-01,2873000,574600,1436500,861900
2022-12-27,7415000,1483000,3707500,2224500
2023-05-07,7435000,1487000,3717500,2230500
2024-02-26,9730000,1946000,4865000,2919000
2021-12-03,923000,184600,461500,276900
2021-11-19,1605000,321000,802500,481500
2022-08-21,2222000,444400,1111000,666600
2023-02-12,7122000,1424400,3561000,2136600
2021-10-04,4414000,882800,2207000,1324200
2021-07-16,6535000,1307000,3267500,1960500
2022-03-06,9572000,1914400,4786000,2871600
2022-10-17,5400000,1080000,2700000,1620000
2024-08-14,9775000,1955000,4887500,2932500
2023-07-19,404000,80800,202000,121200
2023-03-15,9871000,1974200,4935500,2961300
2022-04-26,7479000,1495800,3739500,2243700
2023-11-12,1469000,293800,734500,440700
2023-04-23,1154000,230800,577000,346200
2023-07-13,3864000,772800,1932000,1159200
2022-03-24,9498000,1899600,4749000,2849400
2024-12-02,4793000,958600,2396500,1437900
2023-01-05,6109000,1221800,3054500,1832700
2022-07-12,9585000,1917000,4792500,2875500
2024-08-01,4466000,893200,2233000,1339800
2024-08-22,5295000,1059000,2647500,1588500
2021-10-13,394000,78800,197000,118200
2022-06-26,2760000,552000,1380000,828000
2022-07-22,9146000,1829200,4573000,2743800
2023-07-05,6065000,1213000,3032500,1819500
2024-11-21,1178000,235600,589000,353400
2023-07-26,6926000,1385200,3463000,2077800
2021-11-28,3357000,671400,1678500,1007100
2021-12-08,111000,22200,55500,33300
2021-09-18,5456000,1091200,2728000,1636800
2024-12-11,4344000,868800,2172000,1303200
2023-08-10,2859000,571800,1429500,857700
2024-07-17,2607000,521400,1303500,782100
2022-09-18,4748000,949600,2374000,1424400
2024-12-10,961000,192200,480500,288300
2022-10-27,3456000,691200,1728000,1036800
2022-03-22,7160000,1432000,3580000,2148000
2023-12-22,4944000,988800,2472000,1483200
2023-10-23,1900000,380000,950000,570000
2024-02-04,8800000,1760000,4400000,2640000
2021-05-19,5301000,1060200,2650500,1590300
2021-04-29,6350000,1270000,3175000,1905000
2024-02-20,9236000,1847200,4618000,2770800
2023-08-14,9882000,1976400,4941000,2964600
2023-01-03,5961000,1192200,2980500,1788300
2022-06-21,7185000,1437000,3592500,2155500
2022-08-31,5194000,1038800,2597000,1558200
2024-08-20,9582000,1916400,4791000,2874600
2022-10-20,2723000,544600,1361500,816900
2021-10-29,9199000,1839800,4599500,2759700
2024-10-25,7217000,1443400,3608500,2165100
2021-06-24,8203000,1640600,4101500,2460900
2024-02-18,7416000,1483200,3708000,2224800
2024-01-04,4005000,801000,2002500,1201500
2022-10-21,4268000,853600,2134000,1280400
2021-04-17,6419000,1283800,3209500,1925700
2022-08-08,474000,94800,237000,142200
2022-12-30,4811000,962200,2405500,1443300
2024-05-08,2894000,578800,1447000,868200
2023-02-09,7245000,1449000,3622500,2173500
2021-12-24,7350000,1470000,3675000,2205000
2024-11-12,4931000,986200,2465500,1479300
2023-12-03,3751000,750200,1875500,1125300
2024-08-19,7171000,1434200,3585500,2151300
2022-04-13,9286000,1857200,4643000,2785800
2022-12-07,5528000,1105600,2764000,1658400
2024-03-15,6627000,1325400,3313500,1988100
2024-01-29,5364000,1072800,2682000,1609200
2024-10-22,5073000,1014600,2536500,1521900
2023-05-04,3367000,673400,1683500,1010100
2021-03-10,7827000,1565400,3913500,2348100
2023-06-11,7978000,1595600,3989000,2393400
2024-04-30,9261000,1852200,4630500,2778300
2024-08-31,1770000,354000,885000,531000
2022-09-17,1562000,312400,781000,468600
2021-07-09,1407000,281400,703500,422100
2021-03-02,5871000,1174200,2935500,1761300
2021-11-11,3069000,613800,1534500,920700
2023-04-26,7604000,1520800,3802000,2281200
2024-10-01,8605000,1721000,4302500,2581500
2022-08-06,253000,50600,126500,75900
2022-12-08,8881000,1776200,4440500,2664300
2023-09-21,7260000,1452000,3630000,2178000
2021-06-22,531000,106200,265500,159300
2021-03-29,588000,117600,294000,176400
2024-04-11,8574000,1714800,4287000,2572200
2023-09-08,3271000,654200,1635500,981300
2023-05-12,4503000,900600,2251500,1350900
2022-12-15,3247000,649400,1623500,974100
2022-10-06,1131000,226200,565500,339300
2024-11-24,7406000,1481200,3703000,2221800
2021-04-17,9835000,1967000,4917500,2950500
2022-12-25,2134000,426800,1067000,640200
2024-10-24,5188000,1037600,2594000,1556400
2024-10-16,7410000,1482000,3705000,2223000
2021-03-30,3579000,715800,1789500,1073700
2022-05-24,7734000,1546800,3867000,2320200
2024-08-22,9992000,1998400,4996000,2997600
2021-01-18,7130000,1426000,3565000,2139000
2023-03-04,9678000,1935600,4839000,2903400
2024-11-12,6152000,1230400,3076000,1845600
2024-08-27,1791000,358200,895500,537300
2023-01-18,1738000,347600,869000,521400
2021-10-06,2834000,566800,1417000,850200
2023-10-18,5899000,1179800,2949500,1769700
2022-11-16,1226000,245200,613000,367800
2022-01-18,7285000,1457000,3642500,2185500
2021-04-06,827000,165400,413500,248100
2021-06-15,5014000,1002800,2507000,1504200
2021-05-23,6655000,1331000,3327500,1996500
2021-10-21,2748000,549600,1374000,824400
2024-06-02,6431000,1286200,3215500,1929300
2022-05-09,7462000,1492400,3731000,2238600
2022-04-30,3801000,760200,1900500,1140300
2024-01-27,6738000,1347600,3369000,2021400
2024-09-26,9094000,1818800,4547000,2728200
2021-06-14,2410000,482000,1205000,723000
2022-01-07,2075000,415000,1037500,622500
2023-07-20,4493000,898600,2246500,1347900
2023-11-02,9608000,1921600,4804000,2882400
2022-01-23,4825000,965000,2412500,1447500
2022-09-06,2528000,505600,1264000,758400
2021-10-26,5766000,1153200,2883000,1729800
2023-04-06,6738000,1347600,3369000,2021400
2023-10-25,189000,37800,94500,56700
2022-04-21,5363000,1072600,2681500,1608900
2022-07-10,8929000,1785800,4464500,2678700
2021-08-04,7739000,1547800,3869500,2321700
2023-07-15,8262000,1652400,4131000,2478600
2024-03-23,4663000,932600,2331500,1398900
2023-02-06,741000,148200,370500,222300
2021-06-26,2149000,429800,1074500,644700
2023-10-26,1767000,353400,883500,530100
2023-09-20,5669000,1133800,2834500,1700700
2023-08-31,1020000,204000,510000,306000
2024-04-01,1183000,236600,591500,354900
2024-08-24,8873000,1774600,4436500,2661900
2022-09-05,9416000,1883200,4708000,2824800
2023-02-17,7682000,1536400,3841000,2304600
2022-08-04,3950000,790000,1975000,1185000
2023-09-17,8010000,1602000,4005000,2403000
2023-06-13,7896000,1579200,3948000,2368800
2022-09-07,7809000,1561800,3904500,2342700
2023-11-04,5449000,1089800,2724500,1634700
2024-11-12,8932000,1786400,4466000,2679600
2024-05-15,2824000,564800,1412000,847200
2023-12-07,4953000,990600,2476500,1485900
2024-06-25,7250000,1450000,3625000,2175000
2021-08-06,1914000,382800,957000,574200
2021-11-10,2786000,557200,1393000,835800
2021-10-09,7563000,1512600,3781500,2268900
2021-05-05,222000,44400,111000,66600
2023-08-06,4645000,929000,2322500,1393500
2024-12-01,381000,76200,190500,114300
2022-11-09,4803000,960600,2401500,1440900
2023-09-23,6222000,1244400,3111000,1866600
2021-08-16,3527000,705400,1763500,1058100
2022-03-15,8086000,1617200,4043000,2425800
2022-07-12,9669000,1933800,4834500,2900700
2022-06-14,4483000,896600,2241500,1344900
2024-07-23,653000,130600,326500,195900
2021-09-09,2100000,420000,1050000,630000
2022-01-13,8782000,1756400,4391000,2634600
2023-01-16,7471000,1494200,3735500,2241300
2023-08-05,3678000,735600,1839000,1103400
2022-02-27,3875000,775000,1937500,1162500
2023-07-20,6432000,1286400,3216000,1929600
2021-02-05,1604000,320800,802000,481200
2021-07-27,9297000,1859400,4648500,2789100
2023-11-16,9582000,1916400,4791000,2874600
2024-10-08,1480000,296000,740000,444000
2022-07-28,790000,158000,395000,237000
2021-11-15,827000,165400,413500,248100
2022-04-26,9160000,1832000,4580000,2748000
2022-04-15,269000,53800,134500,80700
2021-11-29,8704000,1740800,4352000,2611200
2022-04-03,6799000,1359800,3399500,2039700
2022-04-27,5325000,1065000,2662500,1597500
2023-06-13,2265000,453000,1132500,679500
2023-01-05,7617000,1523400,3808500,2285100
2024-03-04,1518000,303600,759000,455400
2022-11-15,840000,168000,420000,252000
2021-12-09,1188000,237600,594000,356400
2022-11-25,1971000,394200,985500,591300
2021-08-18,6162000,1232400,3081000,1848600
2021-11-28,6010000,1202000,3005000,1803000
2022-06-10,4906000,981200,2453000,1471800
2023-08-03,2659000,531800,1329500,797700
2022-02-26,4483000,896600,2241500,1344900
2021-10-24,54000,10800,27000,16200
2024-09-13,6307000,1261400,3153500,1892100
2022-08-22,2661000,532200,1330500,798300
2022-12-18,5079000,1015800,2539500,1523700
2023-02-21,3460000,692000,1730000,1038000
2022-01-13,4097000,819400,2048500,1229100
2021-04-26,5995000,1199000,2997500,1798500
2021-05-17,1944000,388800,972000,583200
2023-04-19,8132000,1626400,4066000,2439600
2022-01-28,7757000,1551400,3878500,2327100
2022-08-10,1839000,367800,919500,551700
2023-11-19,2664000,532800,1332000,799200
2022-12-03,98000,19600,49000,29400
2024-10-07,9771000,1954200,4885500,2931300
2024-11-03,9009000,1801800,4504500,2702700
2023-01-23,3473000,694600,1736500,1041900
2022-06-20,6793000,1358600,3396500,2037900
2023-09-01,659000,131800,329500,197700
2021-09-24,8123000,1624600,4061500,2436900
2024-08-21,1445000,289000,722500,433500
2024-06-03,6938000,1387600,3469000,2081400
2024-10-22,7626000,1525200,3813000,2287800
2021-01-20,8312000,1662400,4156000,2493600
2024-12-07,523000,104600,261500,156900
2024-03-19,2873000,574600,1436500,861900
2022-09-25,4768000,953600,2384000,1430400
2023-09-21,9108000,1821600,4554000,2732400
2024-08-10,9959000,1991800,4979500,2987700
2022-08-27,4238000,847600,2119000,1271400
2024-09-18,8700000,1740000,4350000,2610000
2024-08-14,8027000,1605400,4013500,2408100
2022-06-01,1966000,393200,983000,589800
2021-06-04,2562000,512400,1281000,768600
2024-10-12,8164000,1632800,4082000,2449200
2023-01-08,1694000,338800,847000,508200
2022-03-11,2206000,441200,1103000,661800
2021-12-18,5436000,1087200,2718000,1630800
2023-02-24,5167000,1033400,2583500,1550100
2024-11-28,9576000,1915200,4788000,2872800
2024-05-15,1258000,251600,629000,377400
2023-03-20,9220000,1844000,4610000,2766000
2023-09-22,741000,148200,370500,222300
2023-10-20,5307000,1061400,2653500,1592100
2022-04-07,5826000,1165200,2913000,1747800
2024-09-14,2788000,557600,1394000,836400
2021-05-06,8922000,1784400,4461000,2676600
2023-12-08,2948000,589600,1474000,884400
2022-02-16,6629000,1325800,3314500,1988700
2021-04-17,7767000,1553400,3883500,2330100
2022-10-16,1821000,364200,910500,546300
2021-07-03,4970000,994000,2485000,1491000
2022-07-21,6700000,1340000,3350000,2010000
2022-08-30,3419000,683800,1709500,1025700
2022-07-15,6692000,1338400,3346000,2007600
2024-07-06,2276000,455200,1138000,682800
2022-03-31,7940000,1588000,3970000,2382000
2022-06-06,4424000,884800,2212000,1327200
2023-01-07,6770000,1354000,3385000,2031000
2021-07-29,1943000,388600,971500,582900
2021-03-18,9228000,1845600,4614000,2768400
2023-10-26,9756000,1951200,4878000,2926800
2024-10-31,7415000,1483000,3707500,2224500
2022-05-13,9465000,1893000,4732500,2839500
2023-04-15,1390000,278000,695000,417000
2021-06-09,5978000,1195600,2989000,1793400
2021-08-14,8522000,1704400,4261000,2556600
2024-07-16,67000,13400,33500,20100
2024-07-03,9511000,1902200,4755500,2853300
2022-09-14,8260000,1652000,4130000,2478000
2021-04-09,6059000,1211800,3029500,1817700
2021-10-10,5138000,1027600,2569000,1541400
2021-11-16,8728000,1745600,4364000,2618400
2023-12-20,4729000,945800,2364500,1418700
2023-02-09,5025000,1005000,2512500,1507500
2021-03-31,9841000,1968200,4920500,2952300
2024-11-28,5085000,1017000,2542500,1525500
2023-11-11,8733000,1746600,4366500,2619900
2022-05-30,690000,138000,345000,207000
2021-04-25,876000,175200,438000,262800
2023-04-18,6891000,1378200,3445500,2067300
2022-05-18,3948000,789600,1974000,1184400
2022-12-17,3348000,669600,1674000,1004400
2023-04-26,2683000,536600,1341500,804900
2024-07-11,2121000,424200,1060500,636300
2022-06-29,8571000,1714200,4285500,2571300
2024-08-08,3718000,743600,1859000,1115400
2024-02-15,9591000,1918200,4795500,2877300
2021-02-11,5185000,1037000,2592500,1555500
2024-03-05,4847000,969400,2423500,1454100
2024-02-02,3175000,635000,1587500,952500
2021-11-10,2094000,418800,1047000,628200
2022-07-01,3570000,714000,1785000,1071000
2023-10-03,4027000,805400,2013500,1208100
2022-03-16,2838000,567600,1419000,851400
2021-03-10,9630000,1926000,4815000,2889000
2023-06-09,1781000,356200,890500,534300
2021-02-03,3726000,745200,1863000,1117800
2021-05-28,4695000,939000,2347500,1408500
2022-06-25,2668000,533600,1334000,800400
2024-09-30,9130000,1826000,4565000,2739000
2023-05-24,3931000,786200,1965500,1179300
2022-11-27,5519000,1103800,2759500,1655700
2023-05-01,4285000,857000,2142500,1285500
2022-12-13,6598000,1319600,3299000,1979400
2022-09-01,3397000,679400,1698500,1019100
2024-08-24,9989000,1997800,4994500,2996700
2022-05-01,4319000,863800,2159500,1295700
2024-10-30,9442000,1888400,4721000,2832600
2022-03-10,6539000,1307800,3269500,1961700
2022-06-16,7515000,1503000,3757500,2254500
2022-11-27,4403000,880600,2201500,1320900
2023-06-25,1646000,329200,823000,493800
2023-04-01,4717000,943400,2358500,1415100
2022-04-07,9564000,1912800,4782000,2869200
2024-06-22,8715000,1743000,4357500,2614500
2021-07-30,5162000,1032400,2581000,1548600
2021-01-19,7711000,1542200,3855500,2313300
2022-05-07,8575000,1715000,4287500,2572500
2023-08-16,4936000,987200,2468000,1480800
2022-08-31,9782000,1956400,4891000,2934600
2024-01-03,9323000,1864600,4661500,2796900
2024-07-03,6691000,1338200,3345500,2007300
2024-09-12,8000000,1600000,4000000,2400000
2021-11-26,6230000,1246000,3115000,1869000
2021-12-17,1522000,304400,761000,456600
2023-11-19,1841000,368200,920500,552300
2021-12-09,1567000,313400,783500,470100
2021-08-09,9684000,1936800,4842000,2905200
2021-07-20,454000,90800,227000,136200
2023-03-21,8688000,1737600,4344000,2606400
2021-07-22,2282000,456400,1141000,684600
2021-07-28,6187000,1237400,3093500,1856100
2023-02-26,1206000,241200,603000,361800
2022-05-25,6586000,1317200,3293000,1975800
2024-02-17,2502000,500400,1251000,750600
2021-12-26,9717000,1943400,4858500,2915100
2024-06-23,1055000,211000,527500,316500
2023-07-21,5660000,1132000,2830000,1698000
2024-09-06,443000,88600,221500,132900
2024-03-09,9781000,1956200,4890500,2934300
2022-08-03,6315000,1263000,3157500,1894500
2023-12-11,9685000,1937000,4842500,2905500
2022-10-15,4542000,908400,2271000,1362600
2021-11-21,4152000,830400,2076000,1245600
2022-04-02,4779000,955800,2389500,1433700
2024-05-31,4152000,830400,2076000,1245600
2024-04-15,9383000,1876600,4691500,2814900
2022-10-06,9754000,1950800,4877000,2926200
2024-03-29,2035000,407000,1017500,610500
2024-10-04,5665000,1133000,2832500,1699500
2021-10-03,9759000,1951800,4879500,2927700
2021-06-28,5106000,1021200,2553000,1531800
2023-05-05,6930000,1386000,3465000,2079000
2022-11-02,829000,165800,414500,248700
2024-05-22,9889000,1977800,4944500,2966700
2022-06-14,8389000,1677800,4194500,2516700
2022-03-31,5922000,1184400,2961000,1776600
2022-07-31,3220000,644000,1610000,966000
2024-02-12,9510000,1902000,4755000,2853000
2024-10-27,7361000,1472200,3680500,2208300
2022-12-11,5372000,1074400,2686000,1611600
2022-01-25,1355000,271000,677500,406500
2022-11-10,3648000,729600,1824000,1094400
2024-01-28,8710000,1742000,4355000,2613000
2024-07-26,6739000,1347800,3369500,2021700
2022-10-08,1216000,243200,608000,364800
2023-02-14,5620000,1124000,2810000,1686000
2024-06-24,6464000,1292800,3232000,1939200
2024-10-31,4639000,927800,2319500,1391700
2022-11-22,4031000,806200,2015500,1209300
2024-01-21,409000,81800,204500,122700
2024-11-10,2993000,598600,1496500,897900
2021-09-16,4840000,968000,2420000,1452000
2024-08-14,2422000,484400,1211000,726600
2021-06-15,5044000,1008800,2522000,1513200
2023-09-24,163000,32600,81500,48900
2023-02-02,3956000,791200,1978000,1186800
2023-10-08,4489000,897800,2244500,1346700
2023-06-07,5389000,1077800,2694500,1616700
2023-07-30,9701000,1940200,4850500,2910300
2021-09-12,2823000,564600,1411500,846900
2024-10-23,7124000,1424800,3562000,2137200
2022-10-17,4943000,988600,2471500,1482900
2021-11-11,3913000,782600,1956500,1173900
2023-04-30,1317000,263400,658500,395100
2023-12-25,9771000,1954200,4885500,2931300
2023-11-28,5863000,1172600,2931500,1758900
2021-01-17,8183000,1636600,4091500,2454900
2023-03-13,4203000,840600,2101500,1260900
2021-06-29,6099000,1219800,3049500,1829700
2022-03-17,6813000,1362600,3406500,2043900
2024-11-24,5835000,1167000,2917500,1750500
2021-02-04,715000,143000,357500,214500
2023-10-22,4859000,971800,2429500,1457700
2023-08-20,7427000,1485400,3713500,2228100
2023-06-12,5203000,1040600,2601500,1560900
2023-09-01,3232000,646400,1616000,969600
2024-01-28,2205000,441000,1102500,661500
2021-04-24,8466000,1693200,4233000,2539800
2024-04-09,9644000,1928800,4822000,2893200
2022-09-27,906000,181200,453000,271800
2023-11-19,8761000,1752200,4380500,2628300
2022-09-18,4248000,849600,2124000,1274400
2024-07-27,8810000,1762000,4405000,2643000
2021-08-29,4444000,888800,2222000,1333200
2021-05-10,8656000,1731200,4328000,2596800
2021-09-21,8403000,1680600,4201500,2520900
2024-03-11,295000,59000,147500,88500
2023-01-17,7220000,1444000,3610000,2166000
2022-09-24,747000,149400,373500,224100
2024-10-24,9540000,1908000,4770000,2862000
2023-06-04,2183000,436600,1091500,654900
2023-02-28,8098000,1619600,4049000,2429400
2023-08-07,552000,110400,276000,165600
2023-07-18,7567000,1513400,3783500,2270100
2024-02-06,404000,80800,202000,121200
2021-09-27,1120000,224000,560000,336000
2022-10-19,3616000,723200,1808000,1084800
2024-03-07,8829000,1765800,4414500,2648700
2024-10-15,2862000,572400,1431000,858600
2021-11-21,2752000,550400,1376000,825600
2024-08-07,2762000,552400,1381000,828600
2024-11-08,2308000,461600,1154000,692400
2024-11-02,7538000,1507600,3769000,2261400
2024-02-06,2417000,483400,1208500,725100
2021-10-19,6447000,1289400,3223500,1934100
2023-01-12,485000,97000,242500,145500
2024-01-25,5883000,1176600,2941500,1764900
2023-10-11,1500000,300000,750000,450000
2023-04-11,5505000,1101000,2752500,1651500
2021-08-08,5759000,1151800,2879500,1727700
2021-03-02,2205000,441000,1102500,661500
2023-03-23,3813000,762600,1906500,1143900
2023-12-09,946000,189200,473000,283800
2022-02-07,1099000,219800,549500,329700
2023-10-19,7233000,1446600,3616500,2169900
2024-01-13,7449000,1489800,3724500,2234700
2023-04-17,9415000,1883000,4707500,2824500
2022-12-19,6363000,1272600,3181500,1908900
2021-11-21,5235000,1047000,2617500,1570500
2021-02-23,2121000,424200,1060500,636300
2022-04-02,960000,192000,480000,288000
2024-06-20,4867000,973400,2433500,1460100
2022-12-18,5093000,1018600,2546500,1527900
2021-04-04,9999000,1999800,4999500,2999700
2021-05-30,9616000,1923200,4808000,2884800
2024-10-22,3407000,681400,1703500,1022100
2021-06-15,7714000,1542800,3857000,2314200
2022-03-15,84000,16800,42000,25200
2022-10-17,2916000,583200,1458000,874800
2021-12-26,2281000,456200,1140500,684300
2024-11-01,7438000,1487600,3719000,2231400
2024-10-31,3844000,768800,1922000,1153200
2022-11-05,9410000,1882000,4705000,2823000
2023-10-15,7018000,1403600,3509000,2105400
2024-08-17,2266000,453200,1133000,679800
2022-01-23,5380000,1076000,2690000,1614000
2022-08-01,7211000,1442200,3605500,2163300
2021-06-30,8179000,1635800,4089500,2453700
2021-03-26,768000,153600,384000,230400
2021-03-16,4865000,973000,2432500,1459500
2021-08-07,5683000,1136600,2841500,1704900
2022-12-04,9103000,1820600,4551500,2730900
2022-10-30,3150000,630000,1575000,945000
2021-09-02,8582000,1716400,4291000,2574600
2021-10-19,7546000,1509200,3773000,2263800
2021-09-24,2206000,441200,1103000,661800
2023-04-01,4093000,818600,2046500,1227900
2022-09-09,4520000,904000,2260000,1356000
2022-02-22,8913000,1782600,4456500,2673900
2023-11-01,7114000,1422800,3557000,2134200
2023-09-23,8849000,1769800,4424500,2654700
2022-02-26,4880000,976000,2440000,1464000
2023-04-17,3501000,700200,1750500,1050300
2024-10-25,6571000,1314200,3285500,1971300
2021-04-20,1470000,294000,735000,441000
2024-05-04,7061000,1412200,3530500,2118300
2021-12-26,5563000,1112600,2781500,1668900
2022-10-26,4970000,994000,2485000,1491000
2023-01-15,4730000,946000,2365000,1419000
2023-01-12,2604000,520800,1302000,781200
2023-01-24,7941000,1588200,3970500,2382300
2021-11-22,6034000,1206800,3017000,1810200
2023-04-17,6197000,1239400,3098500,1859100
2024-10-17,6210000,1242000,3105000,1863000
2022-08-18,6686000,1337200,3343000,2005800
2023-03-25,7725000,1545000,3862500,2317500
2021-05-20,3857000,771400,1928500,1157100
2021-02-23,151000,30200,75500,45300
2023-01-05,1931000,386200,965500,579300
2022-02-14,8273000,1654600,4136500,2481900
2021-04-05,2025000,405000,1012500,607500
2023-10-08,4400000,880000,2200000,1320000
2022-04-05,948000,189600,474000,284400
2023-03-12,3301000,660200,1650500,990300
2024-03-17,9491000,1898200,4745500,2847300
2021-02-09,1556000,311200,778000,466800
2023-11-06,7143000,1428600,3571500,2142900
2024-10-16,3451000,690200,1725500,1035300
2021-09-30,2779000,555800,1389500,833700
2021-03-17,9120000,1824000,4560000,2736000
2021-01-24,8371000,1674200,4185500,2511300
2023-12-12,6611000,1322200,3305500,1983300
2022-08-04,8652000,1730400,4326000,2595600
2024-07-18,6692000,1338400,3346000,2007600
2024-07-06,7577000,1515400,3788500,2273100
2022-10-20,8842000,1768400,4421000,2652600
2023-04-05,102000,20400,51000,30600
2021-05-03,6965000,1393000,3482500,2089500
2023-07-07,1898000,379600,949000,569400
2023-08-28,9110000,1822000,4555000,2733000
2022-03-04,487000,97400,243500,146100
2024-09-28,7611000,1522200,3805500,2283300
2023-02-17,1486000,297200,743000,445800
2023-05-12,6835000,1367000,3417500,2050500
2022-03-12,6883000,1376600,3441500,2064900
2023-07-20,4073000,814600,2036500,1221900
2023-09-29,3671000,734200,1835500,1101300
2022-06-18,6530000,1306000,3265000,1959000
2024-09-16,9096000,1819200,4548000,2728800
2023-02-23,558000,111600,279000,167400
2023-09-30,2394000,478800,1197000,718200
2023-02-04,7671000,1534200,3835500,2301300
2023-02-03,7284000,1456800,3642000,2185200
2023-06-29,4066000,813200,2033000,1219800
2022-02-22,251000,50200,125500,75300
2021-05-22,6326000,1265200,3163000,1897800
2024-11-17,2581000,516200,1290500,774300
2023-07-26,6370000,1274000,3185000,1911000
2021-02-28,350000,70000,175000,105000
2023-06-14,7176000,1435200,3588000,2152800
2021-02-22,9978000,1995600,4989000,2993400
2024-09-27,1998000,399600,999000,599400
2022-06-24,3472000,694400,1736000,1041600
2023-11-26,3694000,738800,1847000,1108200
2022-07-23,4921000,984200,2460500,1476300
2024-07-09,7929000,1585800,3964500,2378700
2022-04-12,4107000,821400,2053500,1232100
2021-08-11,9431000,1886200,4715500,2829300
2023-09-24,3382000,676400,1691000,1014600
2021-11-03,2646000,529200,1323000,793800
2022-09-06,1716000,343200,858000,514800
2024-09-04,9749000,1949800,4874500,2924700
2022-12-02,3678000,735600,1839000,1103400
2024-10-26,298000,59600,149000,89400
2022-12-15,9422000,1884400,4711000,2826600
2022-04-06,7843000,1568600,3921500,2352900
2021-03-06,8378000,1675600,4189000,2513400
2023-07-28,1786000,357200,893000,535800
2023-05-20,4208000,841600,2104000,1262400
2024-04-24,1064000,212800,532000,319200
2024-01-06,252000,50400,126000,75600
2024-10-28,1693000,338600,846500,507900
2024-06-11,7514000,1502800,3757000,2254200
2024-08-16,2352000,470400,1176000,705600
2023-01-30,4386000,877200,2193000,1315800
2022-07-05,8652000,1730400,4326000,2595600
2024-07-28,2770000,554000,1385000,831000
2021-07-04,3799000,759800,1899500,1139700
2023-07-11,6292000,1258400,3146000,1887600
2024-04-22,2581000,516200,1290500,774300
2023-03-21,6160000,1232000,3080000,1848000
2021-12-23,5620000,1124000,2810000,1686000
2024-12-13,7424000,1484800,3712000,2227200
2024-09-06,2747000,549400,1373500,824100
2022-05-13,9264000,1852800,4632000,2779200
2021-04-23,8546000,1709200,4273000,2563800
2023-08-13,2832000,566400,1416000,849600
2023-10-13,8239000,1647800,4119500,2471700
2022-09-16,6393000,1278600,3196500,1917900
2024-03-18,726000,145200,363000,217800
2023-03-24,4944000,988800,2472000,1483200
2021-05-03,9864000,1972800,4932000,2959200
2023-11-08,2395000,479000,1197500,718500
2022-08-17,3178000,635600,1589000,953400
2024-02-07,9338000,1867600,4669000,2801400
2023-11-22,1618000,323600,809000,485400
2022-10-27,4313000,862600,2156500,1293900
2021-08-30,1609000,321800,804500,482700
2024-07-25,2929000,585800,1464500,878700
2021-05-22,2661000,532200,1330500,798300
2024-11-09,8296000,1659200,4148000,2488800
2023-12-22,1697000,339400,848500,509100
2024-08-24,5704000,1140800,2852000,1711200
2024-10-11,3475000,695000,1737500,1042500
2023-03-03,7605000,1521000,3802500,2281500
2023-06-16,1532000,306400,766000,459600
2024-10-10,5732000,1146400,2866000,1719600
2022-02-24,1262000,252400,631000,378600
2022-01-18,6878000,1375600,3439000,2063400
2023-07-09,9938000,1987600,4969000,2981400
2021-02-17,5399000,1079800,2699500,1619700
2023-03-03,8271000,1654200,4135500,2481300
2022-01-18,8037000,1607400,4018500,2411100
2022-04-25,5278000,1055600,2639000,1583400
2022-12-07,1088000,217600,544000,326400
2022-03-11,778000,155600,389000,233400
2022-05-25,2051000,410200,1025500,615300
2024-06-20,7479000,1495800,3739500,2243700
2022-09-28,3046000,609200,1523000,913800
2021-02-02,1704000,340800,852000,511200
2022-12-14,5979000,1195800,2989500,1793700
2021-03-18,2949000,589800,1474500,884700
2022-10-30,6267000,1253400,3133500,1880100
2023-01-31,7013000,1402600,3506500,2103900
2024-01-08,6651000,1330200,3325500,1995300
2021-03-23,6823000,1364600,3411500,2046900
2023-04-28,6816000,1363200,3408000,2044800
2024-11-30,8429000,1685800,4214500,2528700
2024-10-09,4180000,836000,2090000,1254000
2022-04-10,1561000,312200,780500,468300
2021-01-30,8793000,1758600,4396500,2637900
2021-07-09,7362000,1472400,3681000,2208600
2021-03-10,317000,63400,158500,95100
2022-04-20,5581000,1116200,2790500,1674300
2024-06-04,7970000,1594000,3985000,2391000
2021-03-13,501000,100200,250500,150300
2023-01-06,9785000,1957000,4892500,2935500
2021-07-03,5177000,1035400,2588500,1553100
2022-08-02,8731000,1746200,4365500,2619300
2022-08-30,8920000,1784000,4460000,2676000
2024-02-04,3970000,794000,1985000,1191000
2022-03-14,832000,166400,416000,249600
2022-04-10,9721000,1944200,4860500,2916300
2022-12-15,1239000,247800,619500,371700
2023-12-11,5047000,1009400,2523500,1514100
2024-02-02,3812000,762400,1906000,1143600
2024-12-02,2435000,487000,1217500,730500
2022-11-30,4560000,912000,2280000,1368000
2023-06-24,1884000,376800,942000,565200
2022-05-19,1389000,277800,694500,416700
2022-07-24,7061000,1412200,3530500,2118300
2023-02-21,1713000,342600,856500,513900
2024-10-29,6922000,1384400,3461000,2076600
2024-08-31,8420000,1684000,4210000,2526000
2023-11-10,3549000,709800,1774500,1064700
2021-05-25,3898000,779600,1949000,1169400
2021-08-07,9737000,1947400,4868500,2921100
2023-04-07,1061000,212200,530500,318300
2022-11-01,1588000,317600,794000,476400
2021-03-31,6425000,1285000,3212500,1927500
2021-12-16,8351000,1670200,4175500,2505300
2024-03-12,3801000,760200,1900500,1140300
2022-08-24,7834000,1566800,3917000,2350200
2024-01-24,6438000,1287600,3219000,1931400
2021-03-31,1394000,278800,697000,418200
2023-02-05,1544000,308800,772000,463200
2021-10-30,7661000,1532200,3830500,2298300
2022-05-22,1129000,225800,564500,338700
2022-11-15,9617000,1923400,4808500,2885100
2024-05-04,4543000,908600,2271500,1362900
2024-01-09,4707000,941400,2353500,1412100
2023-09-27,4774000,954800,2387000,1432200
2023-08-13,2254000,450800,1127000,676200
2023-12-17,1336000,267200,668000,400800
2022-01-04,4516000,903200,2258000,1354800
2023-03-09,8664000,1732800,4332000,2599200
2022-02-26,6510000,1302000,3255000,1953000
2023-09-23,398000,79600,199000,119400
2024-09-28,1169000,233800,584500,350700
2024-09-26,312000,62400,156000,93600
2024-05-05,6409000,1281800,3204500,1922700
2024-09-29,8210000,1642000,4105000,2463000
2022-11-27,666000,133200,333000,199800
2022-12-26,986000,197200,493000,295800
2021-05-16,4408000,881600,2204000,1322400
2022-05-22,5674000,1134800,2837000,1702200
2022-11-21,6085000,1217000,3042500,1825500
2022-07-02,5573000,1114600,2786500,1671900
2024-02-02,3490000,698000,1745000,1047000
2021-06-15,8070000,1614000,4035000,2421000
2022-01-26,4258000,851600,2129000,1277400
2023-04-01,4651000,930200,2325500,1395300
2022-10-16,6244000,1248800,3122000,1873200
2024-04-11,5883000,1176600,2941500,1764900
2024-03-31,6747000,1349400,3373500,2024100
2021-06-06,7150000,1430000,3575000,2145000
2022-11-07,7647000,1529400,3823500,2294100
2021-05-22,8463000,1692600,4231500,2538900
2021-08-31,9109000,1821800,4554500,2732700
2024-08-19,1585000,317000,792500,475500
2023-09-28,6512000,1302400,3256000,1953600
2024-07-03,7494000,1498800,3747000,2248200
2023-01-24,9398000,1879600,4699000,2819400
2024-06-27,2219000,443800,1109500,665700
2022-06-11,2178000,435600,1089000,653400
2024-10-17,3313000,662600,1656500,993900
2024-03-03,7402000,1480400,3701000,2220600
2024-04-19,7809000,1561800,3904500,2342700
2021-09-19,1691000,338200,845500,507300
2024-02-01,1910000,382000,955000,573000
2024-09-28,6158000,1231600,3079000,1847400
2022-07-13,9818000,1963600,4909000,2945400
2021-01-30,6897000,1379400,3448500,2069100
2022-12-05,6332000,1266400,3166000,1899600
2021-05-22,7639000,1527800,3819500,2291700
2021-12-23,2590000,518000,1295000,777000
2023-06-15,2028000,405600,1014000,608400
2023-12-22,9914000,1982800,4957000,2974200
2024-03-28,2723000,544600,1361500,816900
2024-02-29,6850000,1370000,3425000,2055000
2021-04-11,7720000,1544000,3860000,2316000
2024-05-03,8032000,1606400,4016000,2409600
2023-04-05,8700000,1740000,4350000,2610000
2022-09-25,8169000,1633800,4084500,2450700
2022-03-04,2779000,555800,1389500,833700
2023-03-13,3880000,776000,1940000,1164000
2023-11-13,2010000,402000,1005000,603000
2024-05-08,333000,66600,166500,99900
2021-04-01,9928000,1985600,4964000,2978400
2022-05-14,9806000,1961200,4903000,2941800
2023-12-02,5669000,1133800,2834500,1700700
2024-11-07,5280000,1056000,2640000,1584000
2021-08-08,9306000,1861200,4653000,2791800
2021-04-27,1345000,269000,672500,403500
2023-06-08,2077000,415400,1038500,623100
2022-01-29,6127000,1225400,3063500,1838100
2024-09-07,6936000,1387200,3468000,2080800
2024-11-26,2812000,562400,1406000,843600
2024-05-10,104000,20800,52000,31200
2024-11-25,6122000,1224400,3061000,1836600
2023-11-04,5841000,1168200,2920500,1752300
2023-05-05,5759000,1151800,2879500,1727700
2021-12-21,5705000,1141000,2852500,1711500
2023-08-03,6621000,1324200,3310500,1986300
2022-08-03,5504000,1100800,2752000,1651200
2021-02-11,2023000,404600,1011500,606900
2023-03-21,3875000,775000,1937500,1162500
2024-08-30,628000,125600,314000,188400
2021-04-23,5282000,1056400,2641000,1584600
2024-09-15,2741000,548200,1370500,822300
2021-11-18,480000,96000,240000,144000
2024-09-25,3734000,746800,1867000,1120200
2022-12-18,472000,94400,236000,141600
2024-01-03,8722000,1744400,4361000,2616600
2021-04-29,7276000,1455200,3638000,2182800
2022-09-19,3754000,750800,1877000,1126200
2024-02-03,663000,132600,331500,198900
2022-01-04,8021000,1604200,4010500,2406300
2024-06-16,8325000,1665000,4162500,2497500
2024-01-10,7762000,1552400,3881000,2328600
2022-02-12,4047000,809400,2023500,1214100
2022-06-07,3586000,717200,1793000,1075800
2023-07-23,8164000,1632800,4082000,2449200
2024-07-11,2178000,435600,1089000,653400
2021-09-13,3569000,713800,1784500,1070700
2023-10-01,3041000,608200,1520500,912300
2024-04-06,9826000,1965200,4913000,2947800
2022-07-21,2728000,545600,1364000,818400
2023-03-24,8021000,1604200,4010500,2406300
2022-04-22,466000,93200,233000,139800
2022-11-27,8988000,1797600,4494000,2696400
2023-03-11,7970000,1594000,3985000,2391000
2023-03-05,3790000,758000,1895000,1137000
2023-11-29,7281000,1456200,3640500,2184300
2021-06-23,8333000,1666600,4166500,2499900
2022-11-16,6537000,1307400,3268500,1961100
2023-03-02,8362000,1672400,4181000,2508600
2021-02-12,8452000,1690400,4226000,2535600
2021-08-30,9267000,1853400,4633500,2780100
2024-04-02,3136000,627200,1568000,940800
2023-08-26,3462000,692400,1731000,1038600
2024-11-23,7874000,1574800,3937000,2362200
2021-02-08,4639000,927800,2319500,1391700
2024-01-30,8278000,1655600,4139000,2483400
2023-12-19,1836000,367200,918000,550800
2021-06-23,1712000,342400,856000,513600
2021-06-30,4106000,821200,2053000,1231800
2021-11-25,9910000,1982000,4955000,2973000
2023-07-11,4253000,850600,2126500,1275900
2024-10-01,1314000,262800,657000,394200
2024-01-23,8546000,1709200,4273000,2563800
2024-02-15,1512000,302400,756000,453600
2023-05-11,8455000,1691000,4227500,2536500
2022-08-26,8263000,1652600,4131500,2478900
2021-07-29,5579000,1115800,2789500,1673700
2022-04-06,2534000,506800,1267000,760200
2024-06-22,9023000,1804600,4511500,2706900
2022-02-07,2790000,558000,1395000,837000
2022-03-11,3693000,738600,1846500,1107900
2022-03-07,8578000,1715600,4289000,2573400
2024-03-24,4016000,803200,2008000,1204800
2022-01-24,8185000,1637000,4092500,2455500
2021-03-13,4206000,841200,2103000,1261800
2022-09-11,4961000,992200,2480500,1488300
2021-09-14,3359000,671800,1679500,1007700
2022-09-18,6543000,1308600,3271500,1962900
2023-01-21,8319000,1663800,4159500,2495700
2023-10-11,4019000,803800,2009500,1205700
2021-06-11,9549000,1909800,4774500,2864700
2022-08-28,4145000,829000,2072500,1243500
2022-05-12,8292000,1658400,4146000,2487600
2023-03-17,4956000,991200,2478000,1486800
2024-12-08,334000,66800,167000,100200
2023-07-17,9154000,1830800,4577000,2746200
2023-05-18,557000,111400,278500,167100
2021-05-30,6262000,1252400,3131000,1878600
2022-06-28,9801000,1960200,4900500,2940300
2022-05-18,9560000,1912000,4780000,2868000
2023-12-28,3247000,649400,1623500,974100
2023-07-17,620000,124000,310000,186000
2022-08-01,1582000,316400,791000,474600
2024-02-18,792000,158400,396000,237600
2021-06-17,4529000,905800,2264500,1358700
2021-11-26,1572000,314400,786000,471600
2021-12-11,1327000,265400,663500,398100
2021-09-01,1117000,223400,558500,335100
2022-08-10,7654000,1530800,3827000,2296200
2023-08-15,6418000,1283600,3209000,1925400
2021-12-11,809000,161800,404500,242700
2021-05-16,3281000,656200,1640500,984300
2023-08-04,4579000,915800,2289500,1373700
2024-04-22,2922000,584400,1461000,876600
2024-12-12,1047000,209400,523500,314100
2022-09-17,5367000,1073400,2683500,1610100
2021-04-16,2629000,525800,1314500,788700
2024-05-04,4088000,817600,2044000,1226400
2021-11-08,3053000,610600,1526500,915900
2022-03-01,4836000,967200,2418000,1450800
2024-11-10,3787000,757400,1893500,1136100
2023-06-08,255000,51000,127500,76500
2024-03-14,8309000,1661800,4154500,2492700
2024-01-19,9718000,1943600,4859000,2915400
2021-04-12,3837000,767400,1918500,1151100
2024-02-21,2110000,422000,1055000,633000
2022-05-29,1613000,322600,806500,483900
2023-05-11,722000,144400,361000,216600
2021-10-21,4141000,828200,2070500,1242300
2024-04-19,4886000,977200,2443000,1465800
2021-04-04,2198000,439600,1099000,659400
2023-12-25,4502000,900400,2251000,1350600
2022-11-10,4009000,801800,2004500,1202700
2024-03-21,6920000,1384000,3460000,2076000
2021-08-05,8667000,1733400,4333500,2600100
2022-08-29,1812000,362400,906000,543600
2024-03-22,1678000,335600,839000,503400
2023-03-23,2418000,483600,1209000,725400
2022-03-12,7393000,1478600,3696500,2217900
2022-12-19,1183000,236600,591500,354900
2022-01-16,2289000,457800,1144500,686700
2024-01-13,3876000,775200,1938000,1162800
2023-05-20,7401000,1480200,3700500,2220300
2023-10-09,7042000,1408400,3521000,2112600
2021-11-12,9050000,1810000,4525000,2715000
2024-11-14,1377000,275400,688500,413100
2021-05-24,7292000,1458400,3646000,2187600
2022-07-06,2287000,457400,1143500,686100
2022-10-14,7240000,1448000,3620000,2172000
2023-05-24,7433000,1486600,3716500,2229900
2023-03-23,1768000,353600,884000,530400
2024-08-05,4999000,999800,2499500,1499700
2022-02-11,6363000,1272600,3181500,1908900
2024-11-28,9997000,1999400,4998500,2999100
2023-02-25,5394000,1078800,2697000,1618200
2021-04-02,8370000,1674000,4185000,2511000
2023-12-01,2891000,578200,1445500,867300
2022-07-07,3485000,697000,1742500,1045500
2022-03-31,2271000,454200,1135500,681300
2021-06-29,8621000,1724200,4310500,2586300
2024-03-03,6207000,1241400,3103500,1862100
2022-04-08,3163000,632600,1581500,948900
2024-04-05,3037000,607400,1518500,911100
2021-04-07,5072000,1014400,2536000,1521600
2022-08-11,2765000,553000,1382500,829500
2024-06-03,7755000,1551000,3877500,2326500
2024-05-16,7283000,1456600,3641500,2184900
2021-10-23,688000,137600,344000,206400
2024-04-22,2040000,408000,1020000,612000
2022-06-13,5939000,1187800,2969500,1781700
2023-02-28,6609000,1321800,3304500,1982700
2022-04-01,7798000,1559600,3899000,2339400
2021-08-23,4352000,870400,2176000,1305600
2024-10-17,5391000,1078200,2695500,1617300
2022-11-27,3205000,641000,1602500,961500
2024-08-05,9916000,1983200,4958000,2974800
2021-04-25,3242000,648400,1621000,972600
2022-10-29,9458000,1891600,4729000,2837400
2022-01-03,3914000,782800,1957000,1174200
2022-11-11,9888000,1977600,4944000,2966400
2023-08-14,7320000,1464000,3660000,2196000
2024-05-05,3618000,723600,1809000,1085400
2024-11-12,2751000,550200,1375500,825300
2021-07-23,2924000,584800,1462000,877200
2022-01-01,1779000,355800,889500,533700
2022-08-20,7711000,1542200,3855500,2313300
2021-06-05,7462000,1492400,3731000,2238600
2022-07-02,6304000,1260800,3152000,1891200
2024-07-03,9604000,1920800,4802000,2881200
2022-04-04,7901000,1580200,3950500,2370300
2024-01-31,6817000,1363400,3408500,2045100
2023-10-19,5508000,1101600,2754000,1652400
2021-12-05,9086000,1817200,4543000,2725800
2021-03-21,9968000,1993600,4984000,2990400
2021-11-19,733000,146600,366500,219900
2021-02-17,184000,36800,92000,55200
2024-04-19,2303000,460600,1151500,690900
2022-10-23,6999000,1399800,3499500,2099700
2024-03-27,657000,131400,328500,197100
2022-10-07,1508000,301600,754000,452400
2021-06-22,881000,176200,440500,264300
2023-01-12,104000,20800,52000,31200
2024-05-19,5568000,1113600,2784000,1670400
2021-01-24,4313000,862600,2156500,1293900
2023-12-11,4300000,860000,2150000,1290000
2022-05-26,7791000,1558200,3895500,2337300
2022-03-24,8153000,1630600,4076500,2445900
2022-09-26,1609000,321800,804500,482700
2021-11-28,2201000,440200,1100500,660300
2022-02-03,6052000,1210400,3026000,1815600
2023-05-25,5309000,1061800,2654500,1592700
2021-12-10,1641000,328200,820500,492300
2022-06-12,1987000,397400,993500,596100
2024-08-15,1189000,237800,594500,356700
2023-04-13,5997000,1199400,2998500,1799100
2023-02-22,2221000,444200,1110500,666300
2024-04-16,9930000,1986000,4965000,2979000
2021-02-12,1312000,262400,656000,393600
2022-11-25,5191000,1038200,2595500,1557300
2023-04-15,5289000,1057800,2644500,1586700
2022-12-18,7095000,1419000,3547500,2128500
2024-12-01,2299000,459800,1149500,689700
2022-05-17,2443000,488600,1221500,732900
2024-04-01,8062000,1612400,4031000,2418600
2023-03-16,3424000,684800,1712000,1027200
2022-12-04,1515000,303000,757500,454500
2024-03-26,7194000,1438800,3597000,2158200
2023-03-12,8929000,1785800,4464500,2678700
2021-03-05,864000,172800,432000,259200
2022-09-21,9259000,1851800,4629500,2777700
2021-03-24,4621000,924200,2310500,1386300
2023-06-04,8021000,1604200,4010500,2406300
2023-10-20,7691000,1538200,3845500,2307300
2024-11-24,1338000,267600,669000,401400
2022-04-13,1311000,262200,655500,393300
2021-04-23,5728000,1145600,2864000,1718400
2024-12-14,5113000,1022600,2556500,1533900
2023-03-23,8797000,1759400,4398500,2639100
2021-02-28,3802000,760400,1901000,1140600
2023-11-23,9567000,1913400,4783500,2870100
2023-05-11,8504000,1700800,4252000,2551200
2024-04-25,6054000,1210800,3027000,1816200
2022-08-03,8789000,1757800,4394500,2636700
2023-07-03,4343000,868600,2171500,1302900
2023-02-02,5802000,1160400,2901000,1740600
2022-05-08,6782000,1356400,3391000,2034600
2024-01-18,7385000,1477000,3692500,2215500
2021-04-15,2041000,408200,1020500,612300
2023-04-30,3473000,694600,1736500,1041900
2024-05-21,3715000,743000,1857500,1114500
2024-11-03,588000,117600,294000,176400
2022-12-21,6063000,1212600,3031500,1818900
2021-05-24,6081000,1216200,3040500,1824300
2023-10-14,5062000,1012400,2531000,1518600
2021-02-15,2474000,494800,1237000,742200
2021-12-09,854000,170800,427000,256200
2024-12-17,6495000,1299000,3247500,1948500
2022-06-27,8392000,1678400,4196000,2517600
2021-10-10,5686000,1137200,2843000,1705800
2022-04-10,170000,34000,85000,51000
2022-10-17,6145000,1229000,3072500,1843500
2021-02-10,4126000,825200,2063000,1237800
2023-04-07,5608000,1121600,2804000,1682400
2024-12-04,7580000,1516000,3790000,2274000
2022-10-06,9419000,1883800,4709500,2825700
2024-07-03,5593000,1118600,2796500,1677900
2021-11-01,2034000,406800,1017000,610200
2021-02-19,2834000,566800,1417000,850200
2021-04-05,5144000,1028800,2572000,1543200
2022-11-05,5091000,1018200,2545500,1527300
2023-10-13,9714000,1942800,4857000,2914200
2023-08-08,2957000,591400,1478500,887100
2022-08-24,1290000,258000,645000,387000
2024-02-10,3282000,656400,1641000,984600
2024-01-16,3937000,787400,1968500,1181100
2024-02-23,1224000,244800,612000,367200
2024-11-21,3897000,779400,1948500,1169100
2024-07-11,324000,64800,162000,97200
2022-09-09,4115000,823000,2057500,1234500
2021-11-26,7083000,1416600,3541500,2124900
2023-10-14,8863000,1772600,4431500,2658900
2021-08-31,6115000,1223000,3057500,1834500
2024-08-11,6734000,1346800,3367000,2020200
2024-03-03,7413000,1482600,3706500,2223900
2023-04-11,2431000,486200,1215500,729300
2023-01-03,695000,139000,347500,208500
2022-03-28,811000,162200,405500,243300
2024-10-06,3632000,726400,1816000,1089600
2024-08-05,4287000,857400,2143500,1286100
2024-10-04,5714000,1142800,2857000,1714200
2024-08-11,4491000,898200,2245500,1347300
2022-07-22,1584000,316800,792000,475200
2022-05-12,1334000,266800,667000,400200
2024-07-13,5480000,1096000,2740000,1644000
2024-09-26,5911000,1182200,2955500,1773300
2024-09-22,3477000,695400,1738500,1043100
2021-05-12,9357000,1871400,4678500,2807100
2022-04-11,4645000,929000,2322500,1393500
2021-07-20,2658000,531600,1329000,797400
2021-05-06,4234000,846800,2117000,1270200
2024-05-26,8679000,1735800,4339500,2603700
2023-03-23,5030000,1006000,2515000,1509000
2024-07-03,8132000,1626400,4066000,2439600
2023-06-02,7118000,1423600,3559000,2135400
2023-12-01,450000,90000,225000,135000
2022-05-19,3022000,604400,1511000,906600
2024-06-17,4762000,952400,2381000,1428600
2023-07-09,8059000,1611800,4029500,2417700
2021-05-03,1956000,391200,978000,586800
2022-04-27,7383000,1476600,3691500,2214900
2021-01-21,4553000,910600,2276500,1365900
2021-03-01,740000,148000,370000,222000
2024-03-17,5028000,1005600,2514000,1508400
2021-01-26,1516000,303200,758000,454800
2023-08-18,7259000,1451800,3629500,2177700
2021-10-31,7641000,1528200,3820500,2292300
2024-04-08,6103000,1220600,3051500,1830900
2023-03-31,9379000,1875800,4689500,2813700
2022-10-18,560000,112000,280000,168000
2024-04-06,657000,131400,328500,197100
2023-04-11,9225000,1845000,4612500,2767500
2023-01-14,8053000,1610600,4026500,2415900
2021-01-27,7995000,1599000,3997500,2398500
2022-01-05,9827000,1965400,4913500,2948100
2023-10-30,4406000,881200,2203000,1321800
2024-01-19,1193000,238600,596500,357900
2023-09-11,8750000,1750000,4375000,2625000
2021-10-23,2331000,466200,1165500,699300
2023-03-15,5558000,1111600,2779000,1667400
2024-12-03,5410000,1082000,2705000,1623000
2022-03-17,7587000,1517400,3793500,2276100
2024-05-22,6651000,1330200,3325500,1995300
2021-08-28,1581000,316200,790500,474300
2024-04-28,5760000,1152000,2880000,1728000
2022-10-14,4838000,967600,2419000,1451400
2021-07-10,58000,11600,29000,17400
2021-03-16,2171000,434200,1085500,651300
2023-02-26,6340000,1268000,3170000,1902000
2023-12-16,2549000,509800,1274500,764700
2024-11-25,5429000,1085800,2714500,1628700
2023-04-08,5794000,1158800,2897000,1738200
2023-03-09,9544000,1908800,4772000,2863200
2022-12-11,293000,58600,146500,87900
2021-04-25,5082000,1016400,2541000,1524600
2023-09-28,6109000,1221800,3054500,1832700
2023-04-23,1224000,244800,612000,367200
2021-08-28,1675000,335000,837500,502500
2021-11-29,4848000,969600,2424000,1454400
2023-12-11,6161000,1232200,3080500,1848300
2023-12-27,8270000,1654000,4135000,2481000
2023-08-22,6130000,1226000,3065000,1839000
2022-06-06,3869000,773800,1934500,1160700
2024-08-29,8934000,1786800,4467000,2680200
2024-08-26,5937000,1187400,2968500,1781100
2021-07-16,2908000,581600,1454000,872400
2024-09-26,6726000,1345200,3363000,2017800
2021-12-03,8201000,1640200,4100500,2460300
2024-04-15,9832000,1966400,4916000,2949600
2023-08-16,8026000,1605200,4013000,2407800
2023-12-27,7007000,1401400,3503500,2102100
2024-09-30,578000,115600,289000,173400
2021-07-29,3967000,793400,1983500,1190100
2022-12-13,6872000,1374400,3436000,2061600
2024-07-29,4610000,922000,2305000,1383000
2022-12-28,7224000,1444800,3612000,2167200
2024-06-04,8877000,1775400,4438500,2663100
2021-02-08,3830000,766000,1915000,1149000
2023-11-27,592000,118400,296000,177600
2021-12-26,1376000,275200,688000,412800
2022-05-19,7875000,1575000,3937500,2362500
2024-11-16,6905000,1381000,3452500,2071500
2023-08-25,6883000,1376600,3441500,2064900
2024-10-18,6843000,1368600,3421500,2052900
2024-10-25,7057000,1411400,3528500,2117100
2024-07-31,2341000,468200,1170500,702300
2022-05-08,4391000,878200,2195500,1317300
2021-07-17,8171000,1634200,4085500,2451300
2021-08-22,9067000,1813400,4533500,2720100
2023-02-25,2964000,592800,1482000,889200
2023-08-15,9265000,1853000,4632500,2779500
2021-09-01,9502000,1900400,4751000,2850600
2024-10-28,8426000,1685200,4213000,2527800
2023-12-12,5458000,1091600,2729000,1637400
2021-12-29,1467000,293400,733500,440100
2022-09-21,8272000,1654400,4136000,2481600
2024-12-10,8721000,1744200,4360500,2616300
2021-09-17,2700000,540000,1350000,810000
2023-09-09,9608000,1921600,4804000,2882400
2023-03-27,2827000,565400,1413500,848100
2021-01-23,3220000,644000,1610000,966000
2022-02-17,7543000,1508600,3771500,2262900
2023-02-26,5585000,1117000,2792500,1675500
2023-09-15,1559000,311800,779500,467700
2023-11-06,4022000,804400,2011000,1206600
2024-06-08,4212000,842400,2106000,1263600
2023-03-18,2522000,504400,1261000,756600
2022-09-19,1704000,340800,852000,511200
2023-06-17,2402000,480400,1201000,720600
2022-07-27,9486000,1897200,4743000,2845800
2023-08-25,605000,121000,302500,181500
2021-09-08,6925000,1385000,3462500,2077500
2023-10-21,257000,51400,128500,77100
2022-07-18,8501000,1700200,4250500,2550300
2023-09-22,8483000,1696600,4241500,2544900
2023-01-06,6551000,1310200,3275500,1965300
2021-10-07,4312000,862400,2156000,1293600
2023-01-27,8904000,1780800,4452000,2671200
2023-12-06,4594000,918800,2297000,1378200
2022-07-23,5032000,1006400,2516000,1509600
2022-05-06,7437000,1487400,3718500,2231100
2023-05-07,4376000,875200,2188000,1312800
2022-05-22,4393000,878600,2196500,1317900
2021-10-21,632000,126400,316000,189600
2022-04-09,9804000,1960800,4902000,2941200
2024-03-16,2358000,471600,1179000,707400
2024-12-12,3312000,662400,1656000,993600
2023-01-20,8166000,1633200,4083000,2449800
2024-04-21,2991000,598200,1495500,897300
2021-11-18,7728000,1545600,3864000,2318400
2022-12-09,1625000,325000,812500,487500
2024-02-17,3202000,640400,1601000,960600
2021-06-30,3861000,772200,1930500,1158300
2024-07-31,8700000,1740000,4350000,2610000
2021-06-17,3732000,746400,1866000,1119600
2022-09-05,1169000,233800,584500,350700
2023-04-01,9996000,1999200,4998000,2998800
2022-12-24,3584000,716800,1792000,1075200
2021-12-11,1216000,243200,608000,364800
2022-03-20,6424000,1284800,3212000,1927200
2021-11-02,1855000,371000,927500,556500
2021-06-02,1080000,216000,540000,324000
2023-12-19,9143000,1828600,4571500,2742900
2023-08-26,6135000,1227000,3067500,1840500
2022-10-16,9392000,1878400,4696000,2817600
2021-11-10,1343000,268600,671500,402900
2023-05-24,2764000,552800,1382000,829200
2021-07-19,5300000,1060000,2650000,1590000
2022-09-12,7066000,1413200,3533000,2119800
2022-04-09,3772000,754400,1886000,1131600
2024-10-26,2185000,437000,1092500,655500
2022-11-28,8427000,1685400,4213500,2528100
2023-08-23,4107000,821400,2053500,1232100
2021-05-02,8449000,1689800,4224500,2534700
2021-03-04,2037000,407400,1018500,611100
2022-05-26,3182000,636400,1591000,954600
2021-12-26,8504000,1700800,4252000,2551200
2021-12-17,820000,164000,410000,246000
2024-02-12,3780000,756000,1890000,1134000
2023-10-14,3211000,642200,1605500,963300
2022-10-11,8306000,1661200,4153000,2491800
2023-01-26,3893000,778600,1946500,1167900
2023-04-09,9501000,1900200,4750500,2850300
2024-08-10,8241000,1648200,4120500,2472300
2024-06-13,265000,53000,132500,79500
2023-10-11,5486000,1097200,2743000,1645800
2024-10-05,2109000,421800,1054500,632700
2023-09-03,9538000,1907600,4769000,2861400
2022-11-26,8048000,1609600,4024000,2414400
2023-10-15,1144000,228800,572000,343200
2021-03-22,1590000,318000,795000,477000
2021-12-12,2291000,458200,1145500,687300
2021-08-17,5496000,1099200,2748000,1648800
2023-03-13,4429000,885800,2214500,1328700
2023-05-10,3171000,634200,1585500,951300
2022-12-23,4804000,960800,2402000,1441200
2023-04-02,6353000,1270600,3176500,1905900
2024-01-03,9867000,1973400,4933500,2960100
2022-01-28,4512000,902400,2256000,1353600
2023-12-13,9994000,1998800,4997000,2998200
2022-07-09,2828000,565600,1414000,848400
2024-09-21,4821000,964200,2410500,1446300
2024-06-21,8906000,1781200,4453000,2671800
2021-11-04,3454000,690800,1727000,1036200
2021-07-23,5862000,1172400,2931000,1758600
2024-09-30,3631000,726200,1815500,1089300
2022-07-27,7604000,1520800,3802000,2281200
2022-01-01,7760000,1552000,3880000,2328000
2022-04-22,5076000,1015200,2538000,1522800
2022-04-26,7238000,1447600,3619000,2171400
2024-09-26,8916000,1783200,4458000,2674800
2024-05-05,6212000,1242400,3106000,1863600
2021-06-01,8479000,1695800,4239500,2543700
2024-01-21,6589000,1317800,3294500,1976700
2022-11-04,8523000,1704600,4261500,2556900
2022-08-23,5321000,1064200,2660500,1596300
2021-10-21,3107000,621400,1553500,932100
2024-03-08,7953000,1590600,3976500,2385900
2022-04-27,1823000,364600,911500,546900
2024-03-08,79000,15800,39500,23700
2022-10-17,1477000,295400,738500,443100
2023-02-01,7420000,1484000,3710000,2226000
2023-03-25,8922000,1784400,4461000,2676600
2022-08-15,778000,155600,389000,233400
2022-09-18,9208000,1841600,4604000,2762400
2022-02-27,6678000,1335600,3339000,2003400
2022-11-29,4787000,957400,2393500,1436100
2023-03-18,6690000,1338000,3345000,2007000
2021-08-08,1177000,235400,588500,353100
2022-02-23,3762000,752400,1881000,1128600
2024-08-26,6164000,1232800,3082000,1849200
2024-09-08,5113000,1022600,2556500,1533900
2022-01-20,9655000,1931000,4827500,2896500
2021-05-14,4367000,873400,2183500,1310100
2022-05-29,2318000,463600,1159000,695400
2021-08-09,5174000,1034800,2587000,1552200
2021-04-01,7063000,1412600,3531500,2118900
2021-07-31,7247000,1449400,3623500,2174100
2022-12-20,4919000,983800,2459500,1475700
2021-09-01,7256000,1451200,3628000,2176800
2023-01-05,3735000,747000,1867500,1120500
2022-12-17,7845000,1569000,3922500,2353500
2023-01-03,1450000,290000,725000,435000
2022-09-02,6666000,1333200,3333000,1999800
2022-09-29,2472000,494400,1236000,741600
2024-06-10,4483000,896600,2241500,1344900
2021-07-20,1091000,218200,545500,327300
2021-05-19,9431000,1886200,4715500,2829300
2024-08-26,8752000,1750400,4376000,2625600
2021-10-24,9401000,1880200,4700500,2820300
2024-12-05,7170000,1434000,3585000,2151000
2024-08-08,9520000,1904000,4760000,2856000
2022-10-18,8144000,1628800,4072000,2443200
2022-04-15,7878000,1575600,3939000,2363400
2021-09-19,6635000,1327000,3317500,1990500
2021-09-28,9951000,1990200,4975500,2985300
2022-09-12,8040000,1608000,4020000,2412000
2024-07-29,3923000,784600,1961500,1176900
2024-08-12,5133000,1026600,2566500,1539900
2022-06-18,6404000,1280800,3202000,1921200
2024-07-25,1444000,288800,722000,433200
2022-10-24,1835000,367000,917500,550500
2021-03-10,1862000,372400,931000,558600
2021-08-12,1488000,297600,744000,446400
2024-01-30,2948000,589600,1474000,884400
2023-09-27,5693000,1138600,2846500,1707900
2023-08-16,8483000,1696600,4241500,2544900
2022-01-01,4452000,890400,2226000,1335600
2024-06-26,8727000,1745400,4363500,2618100
2024-05-23,7969000,1593800,3984500,2390700
2022-07-15,4189000,837800,2094500,1256700
2024-06-30,3064000,612800,1532000,919200
2023-05-05,8091000,1618200,4045500,2427300
2024-10-19,3080000,616000,1540000,924000
2023-04-28,1213000,242600,606500,363900
2023-03-14,8352000,1670400,4176000,2505600
2021-01-28,2512000,502400,1256000,753600
2023-11-25,372000,74400,186000,111600
2024-05-08,1444000,288800,722000,433200
2024-04-12,7515000,1503000,3757500,2254500
2023-06-23,3799000,759800,1899500,1139700
2024-05-25,1474000,294800,737000,442200
2024-07-20,4422000,884400,2211000,1326600
2022-04-10,9143000,1828600,4571500,2742900
2022-03-23,9736000,1947200,4868000,2920800
2022-07-08,6327000,1265400,3163500,1898100
2024-08-28,1428000,285600,714000,428400
2021-03-20,2856000,571200,1428000,856800
2023-08-18,5675000,1135000,2837500,1702500
2023-09-14,3122000,624400,1561000,936600
2021-05-20,4616000,923200,2308000,1384800
2023-10-05,7775000,1555000,3887500,2332500
2023-09-16,9658000,1931600,4829000,2897400
2021-06-30,5720000,1144000,2860000,1716000
2021-04-15,7523000,1504600,3761500,2256900
2023-03-11,6506000,1301200,3253000,1951800
2022-05-04,2688000,537600,1344000,806400
2024-03-24,4833000,966600,2416500,1449900
2023-07-19,5630000,1126000,2815000,1689000
2023-06-28,1817000,363400,908500,545100
2023-06-08,9839000,1967800,4919500,2951700
2022-04-14,1685000,337000,842500,505500
2021-06-28,302000,60400,151000,90600
2021-08-14,2139000,427800,1069500,641700
2022-04-07,1802000,360400,901000,540600
2024-01-28,2270000,454000,1135000,681000
2022-01-17,2726000,545200,1363000,817800
2024-04-23,3346000,669200,1673000,1003800
2021-04-17,5860000,1172000,2930000,1758000
2022-06-12,9531000,1906200,4765500,2859300
2021-10-07,9393000,1878600,4696500,2817900
2022-08-03,3667000,733400,1833500,1100100
2021-01-21,7435000,1487000,3717500,2230500
2024-02-12,4986000,997200,2493000,1495800
2023-06-27,9124000,1824800,4562000,2737200
2024-07-26,2674000,534800,1337000,802200
2022-04-26,1330000,266000,665000,399000
2021-08-09,4765000,953000,2382500,1429500
2024-10-17,3897000,779400,1948500,1169100
2023-11-03,6827000,1365400,3413500,2048100
2021-08-14,3727000,745400,1863500,1118100
2024-01-05,2256000,451200,1128000,676800
2021-05-22,6778000,1355600,3389000,2033400
2023-05-28,9370000,1874000,4685000,2811000
2024-06-22,3488000,697600,1744000,1046400
2022-04-11,6161000,1232200,3080500,1848300
2024-11-08,6606000,1321200,3303000,1981800
2022-05-21,4292000,858400,2146000,1287600
2021-12-15,7620000,1524000,3810000,2286000
2021-02-14,6927000,1385400,3463500,2078100
2022-03-22,3026000,605200,1513000,907800
2021-08-11,168000,33600,84000,50400
2021-02-01,5797000,1159400,2898500,1739100
2022-01-17,8281000,1656200,4140500,2484300
2024-05-28,8010000,1602000,4005000,2403000
2021-11-24,9710000,1942000,4855000,2913000
2022-05-02,5338000,1067600,2669000,1601400
2024-07-07,7845000,1569000,3922500,2353500
2021-04-21,6296000,1259200,3148000,1888800
2023-08-27,2413000,482600,1206500,723900
2023-04-15,6387000,1277400,3193500,1916100
2023-06-29,9266000,1853200,4633000,2779800
2023-01-31,9931000,1986200,4965500,2979300
2023-03-09,9099000,1819800,4549500,2729700
2023-07-15,8775000,1755000,4387500,2632500
2022-09-17,4356000,871200,2178000,1306800
2022-10-27,9294000,1858800,4647000,2788200
2023-12-02,9718000,1943600,4859000,2915400
2022-11-01,7903000,1580600,3951500,2370900
2021-03-13,1984000,396800,992000,595200
2022-08-08,1742000,348400,871000,522600
2023-03-26,5006000,1001200,2503000,1501800
2022-01-16,6406000,1281200,3203000,1921800
2022-09-24,7326000,1465200,3663000,2197800
2023-12-08,1827000,365400,913500,548100
2024-04-13,5429000,1085800,2714500,1628700
2022-01-07,914000,182800,457000,274200
2024-05-10,1128000,225600,564000,338400
2021-10-10,165000,33000,82500,49500
2024-11-30,313000,62600,156500,93900
2022-07-25,891000,178200,445500,267300
2024-08-15,4384000,876800,2192000,1315200
2023-11-30,5559000,1111800,2779500,1667700
2022-03-15,4505000,901000,2252500,1351500
2024-05-15,4657000,931400,2328500,1397100
2024-05-05,9316000,1863200,4658000,2794800
2022-10-27,845000,169000,422500,253500
2022-07-23,4117000,823400,2058500,1235100
2021-11-20,7370000,1474000,3685000,2211000
2024-11-23,3342000,668400,1671000,1002600
2021-05-04,9366000,1873200,4683000,2809800
2024-02-04,6023000,1204600,3011500,1806900
2023-07-30,7824000,1564800,3912000,2347200
2024-02-14,3456000,691200,1728000,1036800
2024-02-07,7411000,1482200,3705500,2223300
2024-03-05,7677000,1535400,3838500,2303100
2021-03-15,2231000,446200,1115500,669300
2022-11-15,9904000,1980800,4952000,2971200
2022-03-22,8266000,1653200,4133000,2479800
2023-11-21,5302000,1060400,2651000,1590600
2024-10-03,1953000,390600,976500,585900
2024-08-31,1225000,245000,612500,367500
2021-01-30,2183000,436600,1091500,654900
2024-08-31,8832000,1766400,4416000,2649600
2022-04-29,2191000,438200,1095500,657300
2022-09-12,3655000,731000,1827500,1096500
2021-05-13,2501000,500200,1250500,750300
2022-06-13,9627000,1925400,4813500,2888100
2024-02-25,1026000,205200,513000,307800
2021-07-03,4253000,850600,2126500,1275900
2024-11-02,1851000,370200,925500,555300
2023-11-06,3591000,718200,1795500,1077300
2022-05-14,2769000,553800,1384500,830700
2023-05-24,3746000,749200,1873000,1123800
2023-09-08,2975000,595000,1487500,892500
2021-12-03,6900000,1380000,3450000,2070000
2022-06-04,4501000,900200,2250500,1350300
2023-12-22,1920000,384000,960000,576000
2022-05-10,9920000,1984000,4960000,2976000
2024-04-21,993000,198600,496500,297900
2023-08-01,2117000,423400,1058500,635100
2024-10-03,3367000,673400,1683500,1010100
2021-04-10,2721000,544200,1360500,816300
2021-07-26,2940000,588000,1470000,882000
2024-09-03,8589000,1717800,4294500,2576700
2023-06-24,6494000,1298800,3247000,1948200
2023-11-03,8852000,1770400,4426000,2655600
2021-10-23,8187000,1637400,4093500,2456100
2024-09-04,762000,152400,381000,228600
2023-04-06,2445000,489000,1222500,733500
2022-08-09,5642000,1128400,2821000,1692600
2023-04-29,7440000,1488000,3720000,2232000
2022-03-14,2297000,459400,1148500,689100
2022-07-10,5803000,1160600,2901500,1740900
2021-04-16,5002000,1000400,2501000,1500600
2021-10-07,8886000,1777200,4443000,2665800
2021-10-06,652000,130400,326000,195600
2024-05-02,8655000,1731000,4327500,2596500
2022-02-10,7649000,1529800,3824500,2294700
2023-09-06,6607000,1321400,3303500,1982100
2021-08-06,7901000,1580200,3950500,2370300
2023-10-05,2960000,592000,1480000,888000
2023-05-19,5528000,1105600,2764000,1658400
2022-03-17,1521000,304200,760500,456300
2022-03-13,9224000,1844800,4612000,2767200
2023-09-04,2437000,487400,1218500,731100
2023-11-14,3855000,771000,1927500,1156500
2024-12-16,71000,14200,35500,21300
2024-12-07,1607000,321400,803500,482100
2024-09-07,5724000,1144800,2862000,1717200
2021-07-14,4809000,961800,2404500,1442700
2023-10-13,6876000,1375200,3438000,2062800
2022-07-18,1894000,378800,947000,568200
2021-11-30,8151000,1630200,4075500,2445300
2022-12-20,150000,30000,75000,45000
2022-04-27,2635000,527000,1317500,790500
2021-01-31,9646000,1929200,4823000,2893800
2024-09-19,8594000,1718800,4297000,2578200
2022-03-14,1306000,261200,653000,391800
2021-02-02,9311000,1862200,4655500,2793300
2022-11-17,1281000,256200,640500,384300
2023-08-04,8252000,1650400,4126000,2475600
2021-08-20,6930000,1386000,3465000,2079000
2023-05-09,9676000,1935200,4838000,2902800
2024-09-05,6748000,1349600,3374000,2024400
2024-05-26,6615000,1323000,3307500,1984500
2023-10-10,7463000,1492600,3731500,2238900
2021-06-27,1483000,296600,741500,444900
2021-12-07,2061000,412200,1030500,618300
2022-08-12,9105000,1821000,4552500,2731500
2024-10-21,5921000,1184200,2960500,1776300
2023-02-06,6302000,1260400,3151000,1890600
2021-06-06,9668000,1933600,4834000,2900400
2024-11-19,7767000,1553400,3883500,2330100
2021-05-05,2780000,556000,1390000,834000
2022-12-03,7564000,1512800,3782000,2269200
2022-03-26,3687000,737400,1843500,1106100
2024-11-21,9594000,1918800,4797000,2878200
2024-10-13,2065000,413000,1032500,619500
2021-02-24,7019000,1403800,3509500,2105700
2023-10-30,5301000,1060200,2650500,1590300
2022-04-27,8660000,1732000,4330000,2598000
2024-10-31,9736000,1947200,4868000,2920800
2022-01-16,8234000,1646800,4117000,2470200
2022-08-02,537000,107400,268500,161100
2022-02-16,3237000,647400,1618500,971100
2021-04-16,4973000,994600,2486500,1491900
2022-08-28,3103000,620600,1551500,930900
2021-06-06,2509000,501800,1254500,752700
2021-10-07,2657000,531400,1328500,797100
2022-01-16,4091000,818200,2045500,1227300
2021-06-08,1577000,315400,788500,473100
2022-08-27,9527000,1905400,4763500,2858100
2024-01-31,6224000,1244800,3112000,1867200
2023-03-12,7314000,1462800,3657000,2194200
2021-02-06,4392000,878400,2196000,1317600
2024-11-30,670000,134000,335000,201000
2022-05-04,3487000,697400,1743500,1046100
2023-03-28,8008000,1601600,4004000,2402400
2024-08-29,5460000,1092000,2730000,1638000
2022-07-16,243000,48600,121500,72900
2022-01-24,2531000,506200,1265500,759300
2023-10-21,4580000,916000,2290000,1374000
2021-07-28,6445000,1289000,3222500,1933500
2023-11-01,8952000,1790400,4476000,2685600
2022-12-21,9013000,1802600,4506500,2703900
2023-01-30,4857000,971400,2428500,1457100
2021-08-23,1143000,228600,571500,342900
2021-02-06,5752000,1150400,2876000,1725600
2023-04-02,6550000,1310000,3275000,1965000
2023-09-04,8658000,1731600,4329000,2597400
2024-09-04,6202000,1240400,3101000,1860600
2023-10-02,5690000,1138000,2845000,1707000
2023-04-24,961000,192200,480500,288300
2021-10-19,9941000,1988200,4970500,2982300
2023-12-14,1802000,360400,901000,540600
2023-04-07,8891000,1778200,4445500,2667300
2022-09-13,6662000,1332400,3331000,1998600
2024-04-25,7336000,1467200,3668000,2200800
2024-04-05,1367000,273400,683500,410100
2021-09-23,5901000,1180200,2950500,1770300
2022-04-24,5568000,1113600,2784000,1670400
2024-05-29,7549000,1509800,3774500,2264700
2024-01-26,4470000,894000,2235000,1341000
2023-09-18,9229000,1845800,4614500,2768700
2023-05-24,9915000,1983000,4957500,2974500
2023-02-28,9708000,1941600,4854000,2912400
2023-01-25,9969000,1993800,4984500,2990700
2022-01-30,2480000,496000,1240000,744000
2021-10-21,948000,189600,474000,284400
2021-06-07,2277000,455400,1138500,683100
2022-01-04,5810000,1162000,2905000,1743000
2024-10-07,2921000,584200,1460500,876300
2022-11-06,6907000,1381400,3453500,2072100
2022-11-02,2018000,403600,1009000,605400
2021-11-04,4498000,899600,2249000,1349400
2021-04-29,5833000,1166600,2916500,1749900
2023-10-24,2087000,417400,1043500,626100
2022-09-08,9364000,1872800,4682000,2809200
2024-02-01,5318000,1063600,2659000,1595400
2024-05-31,4514000,902800,2257000,1354200
2023-12-13,8013000,1602600,4006500,2403900
2024-09-20,9222000,1844400,4611000,2766600
2022-03-30,9913000,1982600,4956500,2973900
2021-02-25,8360000,1672000,4180000,2508000
2024-01-22,1067000,213400,533500,320100
2023-08-27,462000,92400,231000,138600
2022-12-06,5522000,1104400,2761000,1656600
2023-09-29,3610000,722000,1805000,1083000
2021-08-13,6764000,1352800,3382000,2029200
2022-12-02,8928000,1785600,4464000,2678400
2023-05-14,7762000,1552400,3881000,2328600
2021-09-13,6104000,1220800,3052000,1831200
2021-02-27,2665000,533000,1332500,799500
2024-02-15,7226000,1445200,3613000,2167800
2024-04-24,723000,144600,361500,216900
2023-02-13,7635000,1527000,3817500,2290500
2023-05-18,5315000,1063000,2657500,1594500
2023-10-18,6322000,1264400,3161000,1896600
2021-09-12,5344000,1068800,2672000,1603200
2024-03-24,3688000,737600,1844000,1106400
2021-02-27,7551000,1510200,3775500,2265300
2021-12-15,1781000,356200,890500,534300
2022-01-25,2869000,573800,1434500,860700
2023-04-26,4281000,856200,2140500,1284300
2023-01-08,3891000,778200,1945500,1167300
2021-11-05,4466000,893200,2233000,1339800
2023-09-30,297000,59400,148500,89100
2023-06-12,7070000,1414000,3535000,2121000
2022-12-19,1679000,335800,839500,503700
2024-12-03,1600000,320000,800000,480000
2022-03-18,6323000,1264600,3161500,1896900
2022-06-25,6416000,1283200,3208000,1924800
2024-06-24,9172000,1834400,4586000,2751600
2023-01-02,7959000,1591800,3979500,2387700
2024-12-19,1823000,364600,911500,546900
2022-08-02,5624000,1124800,2812000,1687200
2022-09-27,6161000,1232200,3080500,1848300
2022-11-19,4995000,999000,2497500,1498500
2023-12-28,8742000,1748400,4371000,2622600
2022-04-19,2213000,442600,1106500,663900
2024-05-03,769000,153800,384500,230700
2024-04-01,7082000,1416400,3541000,2124600
2024-04-12,4877000,975400,2438500,1463100
2024-06-03,9216000,1843200,4608000,2764800
2024-11-27,2143000,428600,1071500,642900
2024-10-14,8027000,1605400,4013500,2408100
2023-10-16,8370000,1674000,4185000,2511000
2023-06-03,149000,29800,74500,44700
2023-04-19,8899000,1779800,4449500,2669700
2022-02-13,1406000,281200,703000,421800
2023-06-08,2748000,549600,1374000,824400
2021-07-08,597000,119400,298500,179100
2021-04-01,454000,90800,227000,136200
2023-05-26,7402000,1480400,3701000,2220600
2021-12-13,2610000,522000,1305000,783000
2021-10-01,8165000,1633000,4082500,2449500
2023-06-05,9286000,1857200,4643000,2785800
2023-01-10,7887000,1577400,3943500,2366100
2023-04-29,9342000,1868400,4671000,2802600
2022-06-06,6282000,1256400,3141000,1884600
2023-12-22,2465000,493000,1232500,739500
2024-01-04,8154000,1630800,4077000,2446200
2023-10-22,9761000,1952200,4880500,2928300
2023-10-22,9813000,1962600,4906500,2943900
2023-03-10,2148000,429600,1074000,644400
2022-12-10,7118000,1423600,3559000,2135400
2021-12-19,2406000,481200,1203000,721800
2022-08-20,6348000,1269600,3174000,1904400
2024-10-04,8348000,1669600,4174000,2504400
2021-06-28,6995000,1399000,3497500,2098500
2024-09-27,8416000,1683200,4208000,2524800
2021-03-09,5458000,1091600,2729000,1637400
2022-01-29,2011000,402200,1005500,603300
2021-06-10,916000,183200,458000,274800
2021-03-13,6925000,1385000,3462500,2077500
2022-08-20,8772000,1754400,4386000,2631600
2023-05-10,420000,84000,210000,126000
2024-09-13,4640000,928000,2320000,1392000
2021-05-14,1217000,243400,608500,365100
2023-02-25,5792000,1158400,2896000,1737600
2022-06-14,8832000,1766400,4416000,2649600
2021-09-19,5883000,1176600,2941500,1764900
2021-02-07,4952000,990400,2476000,1485600
2021-09-10,1561000,312200,780500,468300
2022-09-29,3892000,778400,1946000,1167600
2022-12-02,6428000,1285600,3214000,1928400
2022-07-21,7276000,1455200,3638000,2182800
2021-05-20,1549000,309800,774500,464700
2024-09-19,3508000,701600,1754000,1052400
2024-02-16,3389000,677800,1694500,1016700
2024-10-11,4103000,820600,2051500,1230900
2022-04-22,2463000,492600,1231500,738900
2022-02-23,1688000,337600,844000,506400
2023-05-23,7327000,1465400,3663500,2198100
2022-11-20,3688000,737600,1844000,1106400
2021-03-12,6495000,1299000,3247500,1948500
2023-05-26,4962000,992400,2481000,1488600
2024-02-18,3508000,701600,1754000,1052400
2023-08-06,1803000,360600,901500,540900
2023-10-20,3040000,608000,1520000,912000
2024-07-21,9387000,1877400,4693500,2816100
2021-03-04,6462000,1292400,3231000,1938600
2022-11-29,7161000,1432200,3580500,2148300
2024-03-20,2467000,493400,1233500,740100
2024-11-08,2057000,411400,1028500,617100
2024-09-28,5399000,1079800,2699500,1619700
2021-06-08,7211000,1442200,3605500,2163300
2024-12-10,971000,194200,485500,291300
2022-11-30,4299000,859800,2149500,1289700
2024-09-23,1673000,334600,836500,501900
2024-04-09,8901000,1780200,4450500,2670300
2021-11-14,604000,120800,302000,181200
2022-01-10,4781000,956200,2390500,1434300
2022-11-18,7047000,1409400,3523500,2114100
2023-07-28,3489000,697800,1744500,1046700
2021-05-23,5293000,1058600,2646500,1587900
2022-07-12,7219000,1443800,3609500,2165700
2022-09-08,5834000,1166800,2917000,1750200
2021-04-17,8685000,1737000,4342500,2605500
2022-07-12,3536000,707200,1768000,1060800
2023-01-06,9117000,1823400,4558500,2735100
2023-08-11,3485000,697000,1742500,1045500
2024-02-03,733000,146600,366500,219900
2023-07-03,6270000,1254000,3135000,1881000
2023-04-04,6218000,1243600,3109000,1865400
2024-04-06,7897000,1579400,3948500,2369100
2022-10-16,5071000,1014200,2535500,1521300
2024-01-14,5351000,1070200,2675500,1605300
2021-03-10,5857000,1171400,2928500,1757100
2022-07-27,5164000,1032800,2582000,1549200
2024-12-10,2127000,425400,1063500,638100
2023-03-28,9426000,1885200,4713000,2827800
2024-03-01,6111000,1222200,3055500,1833300
2022-12-11,6069000,1213800,3034500,1820700
2024-07-27,779000,155800,389500,233700
2022-04-30,1370000,274000,685000,411000
2022-03-11,643000,128600,321500,192900
2021-10-13,8315000,1663000,4157500,2494500
2023-10-28,4751000,950200,2375500,1425300
2024-09-26,6405000,1281000,3202500,1921500
2021-06-21,8573000,1714600,4286500,2571900
2023-01-29,633000,126600,316500,189900
2024-08-02,8731000,1746200,4365500,2619300
2023-11-04,5169000,1033800,2584500,1550700
2022-03-29,1601000,320200,800500,480300
2023-11-25,7744000,1548800,3872000,2323200
2021-10-10,632000,126400,316000,189600
2021-11-19,1405000,281000,702500,421500
2023-08-08,3835000,767000,1917500,1150500
2024-06-29,5210000,1042000,2605000,1563000
2022-11-21,6040000,1208000,3020000,1812000
2022-06-17,823000,164600,411500,246900
2024-05-20,1997000,399400,998500,599100
2021-05-04,1309000,261800,654500,392700
2023-12-23,6104000,1220800,3052000,1831200
2021-04-26,5928000,1185600,2964000,1778400
2021-08-13,7673000,1534600,3836500,2301900
2022-11-09,4687000,937400,2343500,1406100
2021-12-08,6527000,1305400,3263500,1958100
2021-11-04,7698000,1539600,3849000,2309400
2023-03-05,4929000,985800,2464500,1478700
2024-05-10,8609000,1721800,4304500,2582700
2021-02-10,2339000,467800,1169500,701700
2024-03-19,7536000,1507200,3768000,2260800
2021-03-01,9993000,1998600,4996500,2997900
2023-05-29,4945000,989000,2472500,1483500
2022-09-15,7449000,1489800,3724500,2234700
2023-03-14,5169000,1033800,2584500,1550700
2022-07-18,4167000,833400,2083500,1250100
2024-09-26,2635000,527000,1317500,790500
2022-05-15,2012000,402400,1006000,603600
2023-12-07,820000,164000,410000,246000
2024-02-04,6047000,1209400,3023500,1814100
2023-02-01,8199000,1639800,4099500,2459700
2024-04-03,8816000,1763200,4408000,2644800
2024-03-15,1213000,242600,606500,363900
2024-06-27,3178000,635600,1589000,953400
2022-03-24,6793000,1358600,3396500,2037900
2024-12-15,8492000,1698400,4246000,2547600
2023-09-22,1436000,287200,718000,430800
2022-08-26,6950000,1390000,3475000,2085000
2022-10-01,571000,114200,285500,171300
2023-06-09,9983000,1996600,4991500,2994900
2022-12-28,6979000,1395800,3489500,2093700
2022-03-08,8443000,1688600,4221500,2532900
2024-09-23,3387000,677400,1693500,1016100
2023-06-21,6458000,1291600,3229000,1937400
2021-09-28,3975000,795000,1987500,1192500
2023-10-31,7462000,1492400,3731000,2238600
2022-05-22,4944000,988800,2472000,1483200
2024-04-16,1279000,255800,639500,383700
2022-02-16,5986000,1197200,2993000,1795800
2021-09-29,7610000,1522000,3805000,2283000
2024-07-10,6521000,1304200,3260500,1956300
2023-09-26,2518000,503600,1259000,755400
2023-09-25,2983000,596600,1491500,894900
2021-02-15,9548000,1909600,4774000,2864400
2024-08-30,8662000,1732400,4331000,2598600
2021-02-02,4051000,810200,2025500,1215300
2024-01-07,784000,156800,392000,235200
2024-10-20,1723000,344600,861500,516900
2024-08-02,3681000,736200,1840500,1104300
2024-10-22,9560000,1912000,4780000,2868000
2023-03-17,8749000,1749800,4374500,2624700
2023-07-28,59000,11800,29500,17700
2024-05-01,5559000,1111800,2779500,1667700
2023-02-11,6959000,1391800,3479500,2087700
2024-04-26,3032000,606400,1516000,909600
2022-09-16,3691000,738200,1845500,1107300
2023-05-01,4977000,995400,2488500,1493100
2022-09-01,714000,142800,357000,214200
2023-03-29,8731000,1746200,4365500,2619300
2024-01-04,375000,75000,187500,112500
2023-07-23,2552000,510400,1276000,765600
2021-09-04,6787000,1357400,3393500,2036100
2024-08-12,9487000,1897400,4743500,2846100
2023-07-06,642000,128400,321000,192600
2022-06-24,8353000,1670600,4176500,2505900
2021-06-09,9045000,1809000,4522500,2713500
2024-04-27,1381000,276200,690500,414300
2024-02-20,8262000,1652400,4131000,2478600
2022-03-29,8853000,1770600,4426500,2655900
2023-12-27,6099000,1219800,3049500,1829700
2022-08-14,8222000,1644400,4111000,2466600
2022-04-15,4417000,883400,2208500,1325100
2021-08-13,9917000,1983400,4958500,2975100
2021-10-17,4091000,818200,2045500,1227300
2021-06-20,3243000,648600,1621500,972900
2021-05-27,1843000,368600,921500,552900
2023-05-07,8502000,1700400,4251000,2550600
2021-05-15,358000,71600,179000,107400
2022-08-01,3406000,681200,1703000,1021800
2024-07-31,3893000,778600,1946500,1167900
2024-04-12,2312000,462400,1156000,693600
2022-02-23,4299000,859800,2149500,1289700
2023-08-01,3889000,777800,1944500,1166700
2023-08-07,1111000,222200,555500,333300
2021-10-02,1130000,226000,565000,339000
2024-03-10,304000,60800,152000,91200
2023-07-21,5920000,1184000,2960000,1776000
2021-09-29,4607000,921400,2303500,1382100
2021-10-15,9320000,1864000,4660000,2796000
2023-06-14,3380000,676000,1690000,1014000
2023-03-22,8827000,1765400,4413500,2648100
2021-06-08,6945000,1389000,3472500,2083500
2022-08-29,4873000,974600,2436500,1461900
2021-04-18,4066000,813200,2033000,1219800
2022-11-11,6388000,1277600,3194000,1916400
2021-05-05,6461000,1292200,3230500,1938300
2023-10-02,5126000,1025200,2563000,1537800
2024-03-23,7089000,1417800,3544500,2126700
2023-03-30,1758000,351600,879000,527400
2023-11-22,9613000,1922600,4806500,2883900
2024-11-15,9094000,1818800,4547000,2728200
2024-08-30,4149000,829800,2074500,1244700
2021-09-11,3617000,723400,1808500,1085100
2022-09-21,3466000,693200,1733000,1039800
2021-10-10,8645000,1729000,4322500,2593500
2023-06-26,7502000,1500400,3751000,2250600
2021-05-17,4543000,908600,2271500,1362900
2023-10-31,1084000,216800,542000,325200
2021-08-19,2485000,497000,1242500,745500
2021-11-05,136000,27200,68000,40800
2022-06-06,2398000,479600,1199000,719400
2024-03-03,1365000,273000,682500,409500
2023-02-23,5010000,1002000,2505000,1503000
2021-02-06,5324000,1064800,2662000,1597200
2022-02-13,4660000,932000,2330000,1398000
2024-11-14,7595000,1519000,3797500,2278500
2022-07-05,9546000,1909200,4773000,2863800
2023-09-02,6889000,1377800,3444500,2066700
2024-03-29,2065000,413000,1032500,619500
2022-01-17,3791000,758200,1895500,1137300
2022-09-19,6603000,1320600,3301500,1980900
2022-01-24,8463000,1692600,4231500,2538900
2024-10-26,4411000,882200,2205500,1323300
2022-11-09,4826000,965200,2413000,1447800
2021-04-08,3623000,724600,1811500,1086900
2021-04-09,3199000,639800,1599500,959700
2024-02-07,117000,23400,58500,35100
2022-07-27,2653000,530600,1326500,795900
2021-10-23,4453000,890600,2226500,1335900
2022-08-08,605000,121000,302500,181500
2023-11-01,3757000,751400,1878500,1127100
2024-08-28,6368000,1273600,3184000,1910400
2023-01-05,886000,177200,443000,265800
2023-08-05,9024000,1804800,4512000,2707200
2021-11-14,5901000,1180200,2950500,1770300
2022-09-14,3311000,662200,1655500,993300
2023-02-28,4815000,963000,2407500,1444500
2024-06-26,424000,84800,212000,127200
2021-05-16,5210000,1042000,2605000,1563000
2024-08-11,1139000,227800,569500,341700
2024-02-08,4882000,976400,2441000,1464600
2022-06-29,9765000,1953000,4882500,2929500
2022-11-05,2155000,431000,1077500,646500
2024-10-23,6936000,1387200,3468000,2080800
2021-03-11,9599000,1919800,4799500,2879700
2023-03-04,6649000,1329800,3324500,1994700
2024-06-21,5023000,1004600,2511500,1506900
2021-01-24,3382000,676400,1691000,1014600
2023-11-01,4695000,939000,2347500,1408500
2023-12-10,9226000,1845200,4613000,2767800
2024-10-02,3079000,615800,1539500,923700
2022-08-30,2311000,462200,1155500,693300
2023-09-08,4154000,830800,2077000,1246200
2024-12-03,2146000,429200,1073000,643800
2021-02-14,5474000,1094800,2737000,1642200
2023-08-23,7355000,1471000,3677500,2206500
2024-04-13,3833000,766600,1916500,1149900
2023-11-13,8393000,1678600,4196500,2517900
2022-08-13,8879000,1775800,4439500,2663700
2021-06-02,8901000,1780200,4450500,2670300
2021-04-20,4788000,957600,2394000,1436400
2024-11-08,8925000,1785000,4462500,2677500
2023-08-30,3617000,723400,1808500,1085100
2023-04-15,2840000,568000,1420000,852000
2021-01-24,8026000,1605200,4013000,2407800
2021-12-30,327000,65400,163500,98100
2023-03-09,6267000,1253400,3133500,1880100
2022-10-11,9217000,1843400,4608500,2765100
2023-05-14,2119000,423800,1059500,635700
2022-12-01,2738000,547600,1369000,821400
2023-03-06,3427000,685400,1713500,1028100
2022-05-12,7682000,1536400,3841000,2304600
2022-03-03,2372000,474400,1186000,711600
2022-11-08,7921000,1584200,3960500,2376300
2024-07-30,3445000,689000,1722500,1033500
2022-05-25,7789000,1557800,3894500,2336700
2023-08-15,3186000,637200,1593000,955800
2023-11-11,228000,45600,114000,68400
2023-12-08,5751000,1150200,2875500,1725300
2024-08-26,2643000,528600,1321500,792900
2021-06-28,7734000,1546800,3867000,2320200
2023-05-03,7707000,1541400,3853500,2312100
2021-06-22,7563000,1512600,3781500,2268900
2023-09-02,8542000,1708400,4271000,2562600
2023-03-08,1473000,294600,736500,441900
2023-12-24,1486000,297200,743000,445800
2023-10-30,394000,78800,197000,118200
2024-04-06,7703000,1540600,3851500,2310900
2024-03-21,276000,55200,138000,82800
2023-10-04,5851000,1170200,2925500,1755300
2023-06-30,7730000,1546000,3865000,2319000
2023-08-14,3030000,606000,1515000,909000
2022-02-06,4514000,902800,2257000,1354200
2024-10-06,5172000,1034400,2586000,1551600
2022-08-12,3973000,794600,1986500,1191900
2021-03-28,4788000,957600,2394000,1436400
2021-12-20,5731000,1146200,2865500,1719300
2023-06-20,6305000,1261000,3152500,1891500
2021-09-28,131000,26200,65500,39300
2021-06-13,6873000,1374600,3436500,2061900
2024-03-19,2345000,469000,1172500,703500
2023-05-01,8827000,1765400,4413500,2648100
2022-09-21,3569000,713800,1784500,1070700
2021-12-15,8733000,1746600,4366500,2619900
2022-11-30,2392000,478400,1196000,717600
2023-10-20,3682000,736400,1841000,1104600
2024-04-14,4506000,901200,2253000,1351800
2022-01-10,5637000,1127400,2818500,1691100
2021-03-15,8713000,1742600,4356500,2613900
2022-04-10,5201000,1040200,2600500,1560300
2021-08-07,5332000,1066400,2666000,1599600
2021-11-07,7837000,1567400,3918500,2351100
2023-12-19,625000,125000,312500,187500
2023-09-23,9089000,1817800,4544500,2726700
2022-12-01,3468000,693600,1734000,1040400
2023-05-12,5212000,1042400,2606000,1563600
2024-05-23,6975000,1395000,3487500,2092500
2024-09-16,4393000,878600,2196500,1317900
2021-07-23,1176000,235200,588000,352800
2022-06-19,475000,95000,237500,142500
2023-01-31,2597000,519400,1298500,779100
2023-07-15,7865000,1573000,3932500,2359500
2022-09-21,5139000,1027800,2569500,1541700
2022-01-13,5960000,1192000,2980000,1788000
2023-12-13,6160000,1232000,3080000,1848000
2022-12-24,4098000,819600,2049000,1229400
2022-05-18,8068000,1613600,4034000,2420400
2022-03-11,6535000,1307000,3267500,1960500
2024-11-29,8952000,1790400,4476000,2685600
2023-03-12,2516000,503200,1258000,754800
2023-01-19,3496000,699200,1748000,1048800
2024-08-02,7655000,1531000,3827500,2296500
2022-04-12,5170000,1034000,2585000,1551000
2023-11-30,2159000,431800,1079500,647700
2022-04-17,9694000,1938800,4847000,2908200
2021-10-03,7428000,1485600,3714000,2228400
2024-04-20,1772000,354400,886000,531600
2021-09-02,9017000,1803400,4508500,2705100
2024-03-23,5084000,1016800,2542000,1525200
2023-04-12,2712000,542400,1356000,813600
2023-05-20,444000,88800,222000,133200
2022-04-09,3102000,620400,1551000,930600
2024-09-02,8349000,1669800,4174500,2504700
2024-03-16,5885000,1177000,2942500,1765500
2024-09-12,8361000,1672200,4180500,2508300
2023-06-12,2287000,457400,1143500,686100
2022-10-15,7821000,1564200,3910500,2346300
2023-10-06,6972000,1394400,3486000,2091600
2023-05-01,3514000,702800,1757000,1054200
2023-01-13,2772000,554400,1386000,831600
2021-12-13,3359000,671800,1679500,1007700
2024-05-10,8715000,1743000,4357500,2614500
2023-03-10,7228000,1445600,3614000,2168400
2024-09-12,911000,182200,455500,273300
2021-02-16,2824000,564800,1412000,847200
2024-10-12,5413000,1082600,2706500,1623900
2022-04-05,8945000,1789000,4472500,2683500
2022-07-20,8541000,1708200,4270500,2562300
2024-11-04,9139000,1827800,4569500,2741700
2021-10-15,3681000,736200,1840500,1104300
2021-06-21,1646000,329200,823000,493800
2021-10-17,3124000,624800,1562000,937200
2021-04-19,1360000,272000,680000,408000
2022-11-10,757000,151400,378500,227100
2022-03-04,3904000,780800,1952000,1171200
2024-12-01,3651000,730200,1825500,1095300
2024-11-11,342000,68400,171000,102600
2024-01-13,984000,196800,492000,295200
2021-02-12,1266000,253200,633000,379800
2022-03-23,8825000,1765000,4412500,2647500
2024-11-02,7298000,1459600,3649000,2189400
2022-07-14,8745000,1749000,4372500,2623500
2021-08-15,3625000,725000,1812500,1087500
2021-06-22,1196000,239200,598000,358800
2023-03-22,1829000,365800,914500,548700
2022-03-30,9702000,1940400,4851000,2910600
2023-09-25,9952000,1990400,4976000,2985600
2023-09-29,3246000,649200,1623000,973800
2024-11-28,896000,179200,448000,268800
2023-04-03,929000,185800,464500,278700
2022-09-29,1291000,258200,645500,387300
2024-02-28,1260000,252000,630000,378000
2021-07-09,5240000,1048000,2620000,1572000
2021-02-27,4228000,845600,2114000,1268400
2021-03-07,8312000,1662400,4156000,2493600
2023-06-20,8418000,1683600,4209000,2525400
2022-07-03,829000,165800,414500,248700
2022-02-12,632000,126400,316000,189600
2024-01-23,7499000,1499800,3749500,2249700
2022-03-18,2273000,454600,1136500,681900
2021-09-16,8428000,1685600,4214000,2528400
2022-03-11,9650000,1930000,4825000,2895000
2023-09-05,6163000,1232600,3081500,1848900
2024-10-27,942000,188400,471000,282600
2023-09-19,7772000,1554400,3886000,2331600
2021-12-01,1817000,363400,908500,545100
2021-03-07,5729000,1145800,2864500,1718700
2022-02-01,8648000,1729600,4324000,2594400
2021-08-29,2625000,525000,1312500,787500
2021-04-09,209000,41800,104500,62700
2021-12-13,3157000,631400,1578500,947100
2024-08-23,1722000,344400,861000,516600
2021-11-06,971000,194200,485500,291300
2022-11-22,8478000,1695600,4239000,2543400
2024-05-27,3658000,731600,1829000,1097400
2023-07-16,2423000,484600,1211500,726900
2024-05-21,7559000,1511800,3779500,2267700
2022-06-07,9698000,1939600,4849000,2909400
2022-06-22,8834000,1766800,4417000,2650200
2021-01-27,3170000,634000,1585000,951000
2024-09-06,8060000,1612000,4030000,2418000
2023-05-04,6046000,1209200,3023000,1813800
2022-03-11,9974000,1994800,4987000,2992200
2024-08-17,2540000,508000,1270000,762000
2024-05-07,9741000,1948200,4870500,2922300
2023-04-23,3694000,738800,1847000,1108200
2021-12-06,3883000,776600,1941500,1164900
2023-09-08,7779000,1555800,3889500,2333700
2023-07-03,6962000,1392400,3481000,2088600
2024-06-05,3229000,645800,1614500,968700
2024-03-01,5816000,1163200,2908000,1744800
2022-08-27,4638000,927600,2319000,1391400
2022-12-11,6195000,1239000,3097500,1858500
2024-09-12,1165000,233000,582500,349500
2024-11-09,7011000,1402200,3505500,2103300
2021-09-12,1165000,233000,582500,349500
2022-03-10,4116000,823200,2058000,1234800
2021-04-17,2587000,517400,1293500,776100
2021-03-08,2136000,427200,1068000,640800
2024-04-25,2412000,482400,1206000,723600
2024-04-16,7495000,1499000,3747500,2248500
2021-09-29,6345000,1269000,3172500,1903500
2022-11-23,140000,28000,70000,42000
2021-11-06,7799000,1559800,3899500,2339700
2021-10-03,2624000,524800,1312000,787200
2021-06-15,7911000,1582200,3955500,2373300
2023-04-14,5860000,1172000,2930000,1758000
2022-04-07,926000,185200,463000,277800
2021-12-24,4784000,956800,2392000,1435200
2024-01-15,4667000,933400,2333500,1400100
2024-09-24,7665000,1533000,3832500,2299500
2021-11-12,9240000,1848000,4620000,2772000
2024-02-03,9646000,1929200,4823000,2893800
2022-05-29,8903000,1780600,4451500,2670900
2021-03-11,3772000,754400,1886000,1131600
2024-04-14,333000,66600,166500,99900
2023-10-04,1573000,314600,786500,471900
2021-11-07,4817000,963400,2408500,1445100
2022-04-03,5109000,1021800,2554500,1532700
2024-03-02,1164000,232800,582000,349200
2021-09-10,1518000,303600,759000,455400
2023-10-27,940000,188000,470000,282000
2023-06-12,8842000,1768400,4421000,2652600
2024-08-01,4557000,911400,2278500,1367100
2021-10-20,3600000,720000,1800000,1080000
2021-12-11,2200000,440000,1100000,660000
2024-02-02,3431000,686200,1715500,1029300
2022-05-23,1001000,200200,500500,300300
2024-10-25,3700000,740000,1850000,1110000
2021-05-08,3198000,639600,1599000,959400
2022-01-14,2668000,533600,1334000,800400
2023-04-18,2613000,522600,1306500,783900
2021-04-28,5553000,1110600,2776500,1665900
2024-05-12,2994000,598800,1497000,898200
2023-03-06,4423000,884600,2211500,1326900
2023-12-27,6417000,1283400,3208500,1925100
2021-11-30,9691000,1938200,4845500,2907300
2022-02-10,5849000,1169800,2924500,1754700
2022-05-31,8887000,1777400,4443500,2666100
2024-05-28,3910000,782000,1955000,1173000
2024-12-19,9960000,1992000,4980000,2988000
2021-10-25,3096000,619200,1548000,928800
2021-12-27,9617000,1923400,4808500,2885100
2021-07-14,5233000,1046600,2616500,1569900
2023-01-25,2335000,467000,1167500,700500
2022-01-14,9651000,1930200,4825500,2895300
2022-10-20,3283000,656600,1641500,984900
2023-03-22,5633000,1126600,2816500,1689900
2021-12-17,5556000,1111200,2778000,1666800
2023-07-22,4952000,990400,2476000,1485600
2023-12-08,6061000,1212200,3030500,1818300
2023-07-15,6653000,1330600,3326500,1995900
2024-05-21,4670000,934000,2335000,1401000
2024-02-17,1500000,300000,750000,450000
2022-06-16,3542000,708400,1771000,1062600
2022-04-11,9307000,1861400,4653500,2792100
2023-07-16,7776000,1555200,3888000,2332800
2022-01-11,8855000,1771000,4427500,2656500
2021-04-17,5540000,1108000,2770000,1662000
2023-02-19,4508000,901600,2254000,1352400
2023-03-28,7058000,1411600,3529000,2117400
2024-05-31,2402000,480400,1201000,720600
2021-02-04,4805000,961000,2402500,1441500
2021-02-14,5408000,1081600,2704000,1622400
2024-04-20,2959000,591800,1479500,887700
2021-02-25,2328000,465600,1164000,698400
2024-08-11,5749000,1149800,2874500,1724700
2022-02-05,3762000,752400,1881000,1128600
2023-04-10,918000,183600,459000,275400
2024-08-04,1803000,360600,901500,540900
2024-06-12,9704000,1940800,4852000,2911200
2024-02-11,3991000,798200,1995500,1197300
2024-11-02,1492000,298400,746000,447600
2022-05-26,4594000,918800,2297000,1378200
2021-11-17,7418000,1483600,3709000,2225400
2021-05-14,1395000,279000,697500,418500
2021-12-17,6111000,1222200,3055500,1833300
2023-10-09,9099000,1819800,4549500,2729700
2022-07-16,6705000,1341000,3352500,2011500
2023-08-10,5451000,1090200,2725500,1635300
2022-08-01,2447000,489400,1223500,734100
2024-11-01,1564000,312800,782000,469200
2024-05-11,9818000,1963600,4909000,2945400
2023-04-11,3737000,747400,1868500,1121100
2021-07-10,7013000,1402600,3506500,2103900
2024-10-28,6201000,1240200,3100500,1860300
2023-04-14,772000,154400,386000,231600
2022-04-13,2887000,577400,1443500,866100
2022-01-05,6011000,1202200,3005500,1803300
2021-04-30,3687000,737400,1843500,1106100
2023-09-25,3966000,793200,1983000,1189800
2021-04-01,9984000,1996800,4992000,2995200
2024-07-29,736000,147200,368000,220800
2024-11-21,8399000,1679800,4199500,2519700
2024-12-14,5021000,1004200,2510500,1506300
2024-01-11,1816000,363200,908000,544800
2023-09-27,983000,196600,491500,294900
2022-05-18,6842000,1368400,3421000,2052600
2021-04-04,9338000,1867600,4669000,2801400
2023-08-18,542000,108400,271000,162600
2023-08-01,9716000,1943200,4858000,2914800
2022-06-23,2183000,436600,1091500,654900
2023-10-13,3238000,647600,1619000,971400
2024-12-12,595000,119000,297500,178500
2024-12-05,4977000,995400,2488500,1493100
2021-06-04,3109000,621800,1554500,932700
2023-11-11,6978000,1395600,3489000,2093400
2022-03-07,2758000,551600,1379000,827400
2021-12-25,4690000,938000,2345000,1407000
2023-12-24,4211000,842200,2105500,1263300
2024-10-14,7778000,1555600,3889000,2333400
2021-03-22,3221000,644200,1610500,966300
2021-06-09,3365000,673000,1682500,1009500
2021-05-23,4773000,954600,2386500,1431900
2023-08-15,85000,17000,42500,25500
2023-10-14,2457000,491400,1228500,737100
2024-02-12,750000,150000,375000,225000
2024-12-18,8353000,1670600,4176500,2505900
2024-05-27,1665000,333000,832500,499500
2022-04-10,4208000,841600,2104000,1262400
2022-11-11,851000,170200,425500,255300
2023-03-30,9980000,1996000,4990000,2994000
2022-08-20,4841000,968200,2420500,1452300
2021-03-13,7559000,1511800,3779500,2267700
2024-06-20,6645000,1329000,3322500,1993500
2024-01-08,4586000,917200,2293000,1375800
2023-03-22,2086000,417200,1043000,625800
2022-11-21,5627000,1125400,2813500,1688100
2023-12-23,1161000,232200,580500,348300
2022-08-06,8239000,1647800,4119500,2471700
2024-11-21,4874000,974800,2437000,1462200
2024-03-22,6496000,1299200,3248000,1948800
2023-07-23,2863000,572600,1431500,858900
2022-03-13,7715000,1543000,3857500,2314500
2022-02-03,1182000,236400,591000,354600
2022-10-31,2425000,485000,1212500,727500
2024-11-22,2940000,588000,1470000,882000
2021-10-06,3082000,616400,1541000,924600
2023-03-07,6268000,1253600,3134000,1880400
2022-07-22,5232000,1046400,2616000,1569600
2024-11-06,129000,25800,64500,38700
2022-09-08,1705000,341000,852500,511500
2023-11-10,6799000,1359800,3399500,2039700
2023-08-24,8339000,1667800,4169500,2501700
2023-04-23,9501000,1900200,4750500,2850300
2021-01-31,1593000,318600,796500,477900
2022-03-26,1709000,341800,854500,512700
2023-05-06,4408000,881600,2204000,1322400
2023-01-21,9548000,1909600,4774000,2864400
2022-10-25,7871000,1574200,3935500,2361300
2023-02-16,3069000,613800,1534500,920700
2021-09-01,2836000,567200,1418000,850800
2023-03-10,127000,25400,63500,38100
2021-12-31,2475000,495000,1237500,742500
2024-08-07,6741000,1348200,3370500,2022300
2023-06-16,3666000,733200,1833000,1099800
2022-12-25,836000,167200,418000,250800
2021-03-31,989000,197800,494500,296700
2021-12-08,3718000,743600,1859000,1115400
2022-07-02,7695000,1539000,3847500,2308500
2023-08-14,8161000,1632200,4080500,2448300
2021-04-28,7436000,1487200,3718000,2230800
2023-11-28,4777000,955400,2388500,1433100
2022-09-16,774000,154800,387000,232200
2024-11-24,7433000,1486600,3716500,2229900
2022-07-24,9679000,1935800,4839500,2903700
2022-12-24,2702000,540400,1351000,810600
2023-06-25,8339000,1667800,4169500,2501700
2024-07-26,7198000,1439600,3599000,2159400
2022-06-23,4681000,936200,2340500,1404300
2021-09-17,2137000,427400,1068500,641100
2023-01-30,5042000,1008400,2521000,1512600
2023-05-11,5429000,1085800,2714500,1628700
2022-11-22,4154000,830800,2077000,1246200
2022-03-12,156000,31200,78000,46800
2023-02-08,9243000,1848600,4621500,2772900
2024-11-26,7640000,1528000,3820000,2292000
2022-10-19,9251000,1850200,4625500,2775300
2021-09-27,7364000,1472800,3682000,2209200
2024-04-13,5752000,1150400,2876000,1725600
2023-06-24,9250000,1850000,4625000,2775000
2022-09-09,539000,107800,269500,161700
2022-02-24,1672000,334400,836000,501600
2023-04-09,1303000,260600,651500,390900
2022-01-24,5420000,1084000,2710000,1626000
2024-05-23,5410000,1082000,2705000,1623000
2024-11-30,9500000,1900000,4750000,2850000
2023-09-22,379000,75800,189500,113700
2024-07-16,8789000,1757800,4394500,2636700
2024-01-19,3986000,797200,1993000,1195800
2023-07-29,8824000,1764800,4412000,2647200
2023-04-12,6934000,1386800,3467000,2080200
2022-01-02,3377000,675400,1688500,1013100
2023-08-04,7031000,1406200,3515500,2109300
2022-05-28,409000,81800,204500,122700
2024-01-29,1583000,316600,791500,474900
2021-02-01,3175000,635000,1587500,952500
2024-12-16,3989000,797800,1994500,1196700
2021-05-06,1349000,269800,674500,404700
2023-05-20,9174000,1834800,4587000,2752200
2021-04-18,6073000,1214600,3036500,1821900
2023-05-01,7943000,1588600,3971500,2382900
2021-05-30,1056000,211200,528000,316800
2022-03-09,5243000,1048600,2621500,1572900
2024-07-15,5734000,1146800,2867000,1720200
2024-10-02,3706000,741200,1853000,1111800
2021-12-27,849000,169800,424500,254700
2023-05-18,8477000,1695400,4238500,2543100
2024-09-09,431000,86200,215500,129300
2022-06-23,6696000,1339200,3348000,2008800
2023-10-20,5990000,1198000,2995000,1797000
2024-01-23,3413000,682600,1706500,1023900
2021-07-07,3696000,739200,1848000,1108800
2024-01-13,1940000,388000,970000,582000
2024-01-22,155000,31000,77500,46500
2023-10-26,2596000,519200,1298000,778800
2023-07-04,2955000,591000,1477500,886500
2024-08-16,848000,169600,424000,254400
2022-07-01,2198000,439600,1099000,659400
2021-03-31,4343000,868600,2171500,1302900
2024-09-03,5688000,1137600,2844000,1706400
2022-06-02,6789000,1357800,3394500,2036700
2022-06-04,8594000,1718800,4297000,2578200
2022-09-30,8831000,1766200,4415500,2649300
2024-06-22,3293000,658600,1646500,987900
2024-03-22,5097000,1019400,2548500,1529100
2022-11-08,3195000,639000,1597500,958500
2023-04-21,8503000,1700600,4251500,2550900
2023-05-17,6041000,1208200,3020500,1812300
2022-05-07,8628000,1725600,4314000,2588400
2021-08-06,5366000,1073200,2683000,1609800
2023-09-13,4184000,836800,2092000,1255200
2024-08-26,9289000,1857800,4644500,2786700
2021-10-20,5410000,1082000,2705000,1623000
2023-12-30,1785000,357000,892500,535500
2024-04-08,4523000,904600,2261500,1356900
2024-06-29,7756000,1551200,3878000,2326800
2021-08-10,2137000,427400,1068500,641100
2024-06-06,4642000,928400,2321000,1392600
2023-12-02,5912000,1182400,2956000,1773600
2024-01-23,3275000,655000,1637500,982500
2021-03-26,8348000,1669600,4174000,2504400
2024-01-25,7899000,1579800,3949500,2369700
2022-11-29,9722000,1944400,4861000,2916600
2023-04-23,5774000,1154800,2887000,1732200
2022-07-08,8940000,1788000,4470000,2682000
2023-03-24,8571000,1714200,4285500,2571300
2022-09-13,1168000,233600,584000,350400
2024-11-05,8002000,1600400,4001000,2400600
2023-08-22,8355000,1671000,4177500,2506500
2024-02-07,2365000,473000,1182500,709500
2021-07-22,6768000,1353600,3384000,2030400
2021-03-25,8575000,1715000,4287500,2572500
2024-10-14,9987000,1997400,4993500,2996100
2022-07-27,7936000,1587200,3968000,2380800
2022-12-12,6335000,1267000,3167500,1900500
2023-05-14,5080000,1016000,2540000,1524000
2024-05-04,7183000,1436600,3591500,2154900
2024-07-25,5893000,1178600,2946500,1767900
2023-06-19,3216000,643200,1608000,964800
2023-06-11,9210000,1842000,4605000,2763000
2023-02-14,5582000,1116400,2791000,1674600
2022-08-11,3068000,613600,1534000,920400
2024-09-23,8047000,1609400,4023500,2414100
2023-01-23,7368000,1473600,3684000,2210400
2021-10-06,9689000,1937800,4844500,2906700
2022-05-08,5197000,1039400,2598500,1559100
2022-10-30,1993000,398600,996500,597900
2022-09-02,1593000,318600,796500,477900
2021-09-13,7224000,1444800,3612000,2167200
2022-05-13,5770000,1154000,2885000,1731000
2021-07-14,2560000,512000,1280000,768000
2023-10-19,7761000,1552200,3880500,2328300
2021-03-04,480000,96000,240000,144000
2023-04-20,8503000,1700600,4251500,2550900
2024-11-10,8404000,1680800,4202000,2521200
2024-02-18,4796000,959200,2398000,1438800
2022-11-26,144000,28800,72000,43200
2021-05-19,1454000,290800,727000,436200
2022-02-12,3410000,682000,1705000,1023000
2022-04-03,1882000,376400,941000,564600
2022-03-01,7899000,1579800,3949500,2369700
2023-03-11,8639000,1727800,4319500,2591700
2021-05-17,7724000,1544800,3862000,2317200
2021-11-10,3387000,677400,1693500,1016100
2021-12-31,1612000,322400,806000,483600
2024-02-01,7169000,1433800,3584500,2150700
2024-01-04,3804000,760800,1902000,1141200
2023-03-12,5652000,1130400,2826000,1695600
2021-06-29,6093000,1218600,3046500,1827900
2022-02-01,5168000,1033600,2584000,1550400
2024-02-19,7311000,1462200,3655500,2193300
2022-08-24,5450000,1090000,2725000,1635000
2021-09-13,3349000,669800,1674500,1004700
2023-05-24,8932000,1786400,4466000,2679600
2024-04-17,1956000,391200,978000,586800
2022-04-21,4137000,827400,2068500,1241100
2023-05-15,6655000,1331000,3327500,1996500
2021-10-31,4805000,961000,2402500,1441500
2024-05-29,1924000,384800,962000,577200
2024-08-12,6536000,1307200,3268000,1960800
2022-12-26,5399000,1079800,2699500,1619700
2022-06-05,3397000,679400,1698500,1019100
2022-07-17,2098000,419600,1049000,629400
2022-10-12,616000,123200,308000,184800
2021-10-07,1391000,278200,695500,417300
2023-11-05,7162000,1432400,3581000,2148600
2021-10-29,332000,66400,166000,99600
2021-07-02,7051000,1410200,3525500,2115300
2024-03-28,4788000,957600,2394000,1436400
2024-06-17,7105000,1421000,3552500,2131500
2024-05-24,7728000,1545600,3864000,2318400
2024-10-17,90000,18000,45000,27000
2024-04-19,9130000,1826000,4565000,2739000
2024-07-20,750000,150000,375000,225000
2024-04-04,2368000,473600,1184000,710400
2021-04-05,668000,133600,334000,200400
2024-05-14,9636000,1927200,4818000,2890800
2021-06-27,5176000,1035200,2588000,1552800
2024-04-13,6558000,1311600,3279000,1967400
2022-02-10,5848000,1169600,2924000,1754400
2024-09-24,6925000,1385000,3462500,2077500
2022-03-30,3087000,617400,1543500,926100
2023-06-27,708000,141600,354000,212400
2022-12-26,9099000,1819800,4549500,2729700
2024-06-07,8448000,1689600,4224000,2534400
2022-09-18,1322000,264400,661000,396600
2022-03-18,8583000,1716600,4291500,2574900
2021-03-09,7608000,1521600,3804000,2282400
2023-05-01,834000,166800,417000,250200
2021-04-28,2914000,582800,1457000,874200
2021-10-18,6805000,1361000,3402500,2041500
2021-05-03,9171000,1834200,4585500,2751300
2023-05-17,1186000,237200,593000,355800
2021-11-02,851000,170200,425500,255300
2024-06-08,135000,27000,67500,40500
2024-10-03,7900000,1580000,3950000,2370000
2024-01-08,7023000,1404600,3511500,2106900
2022-11-27,8530000,1706000,4265000,2559000
2021-07-25,5943000,1188600,2971500,1782900
2022-11-20,8846000,1769200,4423000,2653800
2023-06-05,7483000,1496600,3741500,2244900
2021-12-16,4775000,955000,2387500,1432500
2021-09-25,5291000,1058200,2645500,1587300
2022-08-28,8104000,1620800,4052000,2431200
2021-09-21,384000,76800,192000,115200
2023-10-27,9276000,1855200,4638000,2782800
2024-10-07,2326000,465200,1163000,697800
2023-03-19,9965000,1993000,4982500,2989500
2022-01-16,7906000,1581200,3953000,2371800
2023-08-12,5860000,1172000,2930000,1758000
2023-05-28,4330000,866000,2165000,1299000
2022-09-05,4708000,941600,2354000,1412400
2023-09-23,6489000,1297800,3244500,1946700
2021-04-24,8432000,1686400,4216000,2529600
2024-02-23,3074000,614800,1537000,922200
2024-08-10,5232000,1046400,2616000,1569600
2021-04-08,7132000,1426400,3566000,2139600
2024-08-15,3814000,762800,1907000,1144200
2024-09-09,7987000,1597400,3993500,2396100
2021-08-30,6386000,1277200,3193000,1915800
2024-02-09,8940000,1788000,4470000,2682000
2021-10-21,7637000,1527400,3818500,2291100
2021-06-10,8106000,1621200,4053000,2431800
2023-07-09,2543000,508600,1271500,762900
2021-07-15,4040000,808000,2020000,1212000
2023-09-11,3228000,645600,1614000,968400
2021-08-10,9910000,1982000,4955000,2973000
2023-03-20,5646000,1129200,2823000,1693800
2023-03-21,4815000,963000,2407500,1444500
2024-09-11,9960000,1992000,4980000,2988000
2022-09-20,7240000,1448000,3620000,2172000
2024-09-09,7233000,1446600,3616500,2169900
2023-02-28,3792000,758400,1896000,1137600
2024-07-16,7510000,1502000,3755000,2253000
2022-12-05,155000,31000,77500,46500
2022-09-02,1457000,291400,728500,437100
2022-09-16,1364000,272800,682000,409200
2022-10-05,3583000,716600,1791500,1074900
2022-11-30,8561000,1712200,4280500,2568300
2022-08-05,8751000,1750200,4375500,2625300
2021-01-19,3998000,799600,1999000,1199400
2023-01-16,2801000,560200,1400500,840300
2021-12-05,5004000,1000800,2502000,1501200
2023-09-17,6494000,1298800,3247000,1948200
2024-02-05,9510000,1902000,4755000,2853000
2024-09-22,1063000,212600,531500,318900
2024-09-10,7683000,1536600,3841500,2304900
2024-12-05,907000,181400,453500,272100
2021-02-26,6015000,1203000,3007500,1804500
2022-09-26,794000,158800,397000,238200
2023-09-16,3754000,750800,1877000,1126200
2022-09-15,5692000,1138400,2846000,1707600
2024-11-25,8705000,1741000,4352500,2611500
2023-05-20,3269000,653800,1634500,980700
2024-03-24,8850000,1770000,4425000,2655000
2021-11-24,1874000,374800,937000,562200
2021-09-22,9847000,1969400,4923500,2954100
2022-02-27,2860000,572000,1430000,858000
2021-05-23,5375000,1075000,2687500,1612500
2024-09-05,2083000,416600,1041500,624900
2022-09-30,4028000,805600,2014000,1208400
2021-08-13,8931000,1786200,4465500,2679300
2021-10-11,9255000,1851000,4627500,2776500
2022-10-28,7325000,1465000,3662500,2197500
2024-11-05,6317000,1263400,3158500,1895100
2022-11-16,1425000,285000,712500,427500
2021-09-16,358000,71600,179000,107400
2024-03-16,3842000,768400,1921000,1152600
2022-02-21,3665000,733000,1832500,1099500
2023-10-13,6259000,1251800,3129500,1877700
2022-01-11,3778000,755600,1889000,1133400
2023-08-09,3811000,762200,1905500,1143300
2023-05-23,6911000,1382200,3455500,2073300
2022-08-27,5078000,1015600,2539000,1523400
2021-06-23,3072000,614400,1536000,921600
2024-05-12,9614000,1922800,4807000,2884200
2024-12-04,4682000,936400,2341000,1404600
2023-08-29,7310000,1462000,3655000,2193000
2022-06-11,185000,37000,92500,55500
2021-02-17,8457000,1691400,4228500,2537100
2024-01-18,1841000,368200,920500,552300
2024-09-28,2884000,576800,1442000,865200
2023-05-15,8255000,1651000,4127500,2476500
2021-04-25,8968000,1793600,4484000,2690400
2024-11-12,7962000,1592400,3981000,2388600
2022-01-06,6477000,1295400,3238500,1943100
2024-10-23,8047000,1609400,4023500,2414100
2023-11-10,5967000,1193400,2983500,1790100
2024-04-14,110000,22000,55000,33000
2023-09-15,3203000,640600,1601500,960900
2023-07-15,8616000,1723200,4308000,2584800
2021-09-06,4513000,902600,2256500,1353900
2021-04-20,6239000,1247800,3119500,1871700
2024-03-14,7191000,1438200,3595500,2157300
2024-08-22,879000,175800,439500,263700
2022-06-09,4366000,873200,2183000,1309800
2022-12-12,5167000,1033400,2583500,1550100
2024-10-15,1698000,339600,849000,509400
2022-05-18,3495000,699000,1747500,1048500
2021-06-09,7050000,1410000,3525000,2115000
2023-05-19,9433000,1886600,4716500,2829900
2021-08-17,1644000,328800,822000,493200
2022-06-24,9371000,1874200,4685500,2811300
2022-07-19,1939000,387800,969500,581700
2022-09-19,4015000,803000,2007500,1204500
2023-11-15,690000,138000,345000,207000
2022-06-06,7643000,1528600,3821500,2292900
2022-10-08,4907000,981400,2453500,1472100
2023-09-28,7546000,1509200,3773000,2263800
2021-05-08,382000,76400,191000,114600
2022-03-05,1469000,293800,734500,440700
2024-02-06,6999000,1399800,3499500,2099700
2024-06-20,4976000,995200,2488000,1492800
2023-02-18,7810000,1562000,3905000,2343000
2023-11-07,7107000,1421400,3553500,2132100
2023-03-24,2269000,453800,1134500,680700
2022-11-07,6390000,1278000,3195000,1917000
2021-12-02,5877000,1175400,2938500,1763100
2023-11-03,7136000,1427200,3568000,2140800
2021-05-25,217000,43400,108500,65100
2024-03-12,7948000,1589600,3974000,2384400
2023-01-31,5033000,1006600,2516500,1509900
2024-02-25,7117000,1423400,3558500,2135100
2024-01-30,120000,24000,60000,36000
2023-08-26,960000,192000,480000,288000
2023-03-28,174000,34800,87000,52200
2021-10-02,9583000,1916600,4791500,2874900
2021-08-27,8011000,1602200,4005500,2403300
2023-01-05,1095000,219000,547500,328500
2022-07-24,4170000,834000,2085000,1251000
2021-05-05,6242000,1248400,3121000,1872600
2024-05-17,3503000,700600,1751500,1050900
2024-09-10,7112000,1422400,3556000,2133600
2022-08-04,2068000,413600,1034000,620400
2022-09-26,1685000,337000,842500,505500
2023-08-17,2805000,561000,1402500,841500
2021-04-12,5143000,1028600,2571500,1542900
2021-11-13,1190000,238000,595000,357000
2022-11-30,4170000,834000,2085000,1251000
2021-09-26,6125000,1225000,3062500,1837500
2022-11-03,7919000,1583800,3959500,2375700
2021-05-07,993000,198600,496500,297900
2024-11-05,7711000,1542200,3855500,2313300
2021-09-26,3993000,798600,1996500,1197900
2023-11-11,3391000,678200,1695500,1017300
2021-09-13,8302000,1660400,4151000,2490600
2022-01-11,4304000,860800,2152000,1291200
2021-11-09,6735000,1347000,3367500,2020500
2023-03-25,3772000,754400,1886000,1131600
2024-11-24,4535000,907000,2267500,1360500
2022-03-10,9703000,1940600,4851500,2910900
2021-09-21,8474000,1694800,4237000,2542200
2021-11-01,1331000,266200,665500,399300
2024-10-07,6373000,1274600,3186500,1911900
2023-05-27,6148000,1229600,3074000,1844400
2021-05-29,7601000,1520200,3800500,2280300
2021-04-29,759000,151800,379500,227700
2023-11-01,3114000,622800,1557000,934200
2022-01-14,4063000,812600,2031500,1218900
2022-12-14,2800000,560000,1400000,840000
2022-02-02,5893000,1178600,2946500,1767900
2022-06-17,9276000,1855200,4638000,2782800
2024-02-13,1746000,349200,873000,523800
2022-03-06,684000,136800,342000,205200
2023-12-04,4403000,880600,2201500,1320900
2022-06-21,4597000,919400,2298500,1379100
2021-12-24,9712000,1942400,4856000,2913600
2022-12-30,293000,58600,146500,87900
2023-08-25,5720000,1144000,2860000,1716000
2023-10-28,6496000,1299200,3248000,1948800
2024-08-25,5699000,1139800,2849500,1709700
2023-04-21,4927000,985400,2463500,1478100
2022-03-24,8239000,1647800,4119500,2471700
2023-04-01,2993000,598600,1496500,897900
2022-01-01,1473000,294600,736500,441900
2024-01-06,9823000,1964600,4911500,2946900
2022-06-19,3524000,704800,1762000,1057200
2022-07-11,3568000,713600,1784000,1070400
2021-08-30,222000,44400,111000,66600
2024-02-06,4794000,958800,2397000,1438200
2024-04-20,9573000,1914600,4786500,2871900
2022-12-11,2248000,449600,1124000,674400
2021-08-11,9187000,1837400,4593500,2756100
2022-04-10,9802000,1960400,4901000,2940600
2022-12-06,6484000,1296800,3242000,1945200
2021-07-21,3142000,628400,1571000,942600
2022-08-18,5654000,1130800,2827000,1696200
2022-09-06,1487000,297400,743500,446100
2023-03-14,7832000,1566400,3916000,2349600
2022-08-21,1043000,208600,521500,312900
2022-10-17,462000,92400,231000,138600
2021-06-15,5550000,1110000,2775000,1665000
2023-03-07,8883000,1776600,4441500,2664900
2024-10-25,1967000,393400,983500,590100
2022-11-11,9099000,1819800,4549500,2729700
2022-02-11,3951000,790200,1975500,1185300
2021-04-18,4139000,827800,2069500,1241700
2024-10-19,7977000,1595400,3988500,2393100
2021-10-27,928000,185600,464000,278400
2024-03-29,6372000,1274400,3186000,1911600
2024-09-09,1659000,331800,829500,497700
2024-12-08,6822000,1364400,3411000,2046600
2024-12-01,9720000,1944000,4860000,2916000
2023-03-17,2569000,513800,1284500,770700
2022-06-01,6177000,1235400,3088500,1853100
2024-08-21,2710000,542000,1355000,813000
2023-10-30,8959000,1791800,4479500,2687700
2024-05-16,8390000,1678000,4195000,2517000
2023-06-24,6428000,1285600,3214000,1928400
2023-07-29,7374000,1474800,3687000,2212200
2023-11-05,3552000,710400,1776000,1065600
2023-07-08,1483000,296600,741500,444900
2024-07-04,1137000,227400,568500,341100
2021-03-15,6285000,1257000,3142500,1885500
2022-08-17,8323000,1664600,4161500,2496900
2023-11-01,1101000,220200,550500,330300
2024-04-01,2602000,520400,1301000,780600
2021-09-11,8816000,1763200,4408000,2644800
2022-04-13,6705000,1341000,3352500,2011500
2022-10-05,6731000,1346200,3365500,2019300
2023-08-01,9644000,1928800,4822000,2893200
2022-09-29,7863000,1572600,3931500,2358900
2022-03-11,4106000,821200,2053000,1231800
2021-07-29,7054000,1410800,3527000,2116200
2022-04-21,9550000,1910000,4775000,2865000
2024-04-30,3117000,623400,1558500,935100
2022-03-03,6814000,1362800,3407000,2044200
2022-04-05,6641000,1328200,3320500,1992300
2022-06-22,1644000,328800,822000,493200
2024-07-29,3907000,781400,1953500,1172100
2024-03-09,5857000,1171400,2928500,1757100
2023-08-05,7997000,1599400,3998500,2399100
2024-04-09,4262000,852400,2131000,1278600
2024-10-24,4443000,888600,2221500,1332900
2021-09-29,285000,57000,142500,85500
2021-03-06,4349000,869800,2174500,1304700
2023-12-28,1449000,289800,724500,434700
2024-04-08,2863000,572600,1431500,858900
2023-08-23,6635000,1327000,3317500,1990500
2024-10-06,1631000,326200,815500,489300
2021-01-25,8866000,1773200,4433000,2659800
2021-02-28,9001000,1800200,4500500,2700300
2023-03-08,7350000,1470000,3675000,2205000
2021-09-17,2246000,449200,1123000,673800
2022-07-23,1492000,298400,746000,447600
2022-06-11,7979000,1595800,3989500,2393700
2023-06-03,9415000,1883000,4707500,2824500
2023-03-27,1285000,257000,642500,385500
2023-04-08,8226000,1645200,4113000,2467800
2024-09-23,7283000,1456600,3641500,2184900
2022-12-25,1602000,320400,801000,480600
2024-01-27,6027000,1205400,3013500,1808100
2021-04-30,1513000,302600,756500,453900
2023-06-17,8072000,1614400,4036000,2421600
2021-10-14,1624000,324800,812000,487200
2024-06-28,4355000,871000,2177500,1306500
2024-11-25,8166000,1633200,4083000,2449800
2022-05-03,2268000,453600,1134000,680400
2023-03-15,4199000,839800,2099500,1259700
2022-08-13,9352000,1870400,4676000,2805600
2022-10-20,7127000,1425400,3563500,2138100
2023-10-27,1338000,267600,669000,401400
2021-03-03,8773000,1754600,4386500,2631900
2023-09-12,9356000,1871200,4678000,2806800
2022-08-10,1369000,273800,684500,410700
2022-05-22,8216000,1643200,4108000,2464800
2022-09-04,2770000,554000,1385000,831000
2024-12-05,9948000,1989600,4974000,2984400
2022-02-21,8986000,1797200,4493000,2695800
2022-05-28,1535000,307000,767500,460500
2021-09-02,89000,17800,44500,26700
2024-02-22,3624000,724800,1812000,1087200
2024-11-21,8315000,1663000,4157500,2494500
2023-02-28,3011000,602200,1505500,903300
2024-05-27,6245000,1249000,3122500,1873500
2023-03-10,6977000,1395400,3488500,2093100
2023-12-28,4894000,978800,2447000,1468200
2023-12-30,4568000,913600,2284000,1370400
2022-01-28,2339000,467800,1169500,701700
2022-04-03,6401000,1280200,3200500,1920300
2024-10-10,2229000,445800,1114500,668700
2022-07-08,1396000,279200,698000,418800
2021-08-29,6936000,1387200,3468000,2080800
2021-04-26,9862000,1972400,4931000,2958600
2023-09-11,2197000,439400,1098500,659100
2023-10-18,9679000,1935800,4839500,2903700
2023-01-21,2947000,589400,1473500,884100
2024-05-06,9897000,1979400,4948500,2969100
2021-12-05,7305000,1461000,3652500,2191500
2022-10-29,5167000,1033400,2583500,1550100
2022-03-10,3833000,766600,1916500,1149900
2021-06-20,1072000,214400,536000,321600
2024-11-04,9808000,1961600,4904000,2942400
2023-09-23,7864000,1572800,3932000,2359200
2022-11-25,3756000,751200,1878000,1126800
2023-01-11,4532000,906400,2266000,1359600
2021-05-16,937000,187400,468500,281100
2024-07-04,6173000,1234600,3086500,1851900
2024-12-11,7848000,1569600,3924000,2354400
2022-01-25,3719000,743800,1859500,1115700
2023-03-24,9618000,1923600,4809000,2885400
2023-10-11,8996000,1799200,4498000,2698800
2024-03-01,8257000,1651400,4128500,2477100
2024-12-16,9973000,1994600,4986500,2991900
2022-01-14,3328000,665600,1664000,998400
2024-06-08,1234000,246800,617000,370200
2021-02-25,4074000,814800,2037000,1222200
2021-06-14,4027000,805400,2013500,1208100
2023-08-14,1979000,395800,989500,593700
2022-03-20,1710000,342000,855000,513000
2021-10-03,2739000,547800,1369500,821700
2023-04-23,6438000,1287600,3219000,1931400
2024-01-10,8714000,1742800,4357000,2614200
2022-08-10,7900000,1580000,3950000,2370000
2021-10-27,6070000,1214000,3035000,1821000
2024-11-12,2303000,460600,1151500,690900
2024-05-18,9618000,1923600,4809000,2885400
2023-04-26,4732000,946400,2366000,1419600
2022-10-19,1855000,371000,927500,556500
2022-01-06,8279000,1655800,4139500,2483700
2021-12-04,8358000,1671600,4179000,2507400
2022-07-10,9683000,1936600,4841500,2904900
2021-03-04,2608000,521600,1304000,782400
2021-02-20,9905000,1981000,4952500,2971500
2021-07-10,2263000,452600,1131500,678900
2021-07-24,5843000,1168600,2921500,1752900
2022-06-10,3469000,693800,1734500,1040700
2022-09-27,6024000,1204800,3012000,1807200
2024-12-19,3225000,645000,1612500,967500
2022-02-02,9333000,1866600,4666500,2799900
2023-01-30,8221000,1644200,4110500,2466300
2022-09-26,4547000,909400,2273500,1364100
2023-12-06,5849000,1169800,2924500,1754700
2024-04-01,1816000,363200,908000,544800
2022-02-06,5291000,1058200,2645500,1587300
2024-03-12,6150000,1230000,3075000,1845000
2022-10-15,9945000,1989000,4972500,2983500
2021-05-17,4820000,964000,2410000,1446000
2021-05-01,3812000,762400,1906000,1143600
2023-05-21,3671000,734200,1835500,1101300
2022-05-21,778000,155600,389000,233400
2021-11-22,1730000,346000,865000,519000
2021-09-10,272000,54400,136000,81600
2022-10-12,9940000,1988000,4970000,2982000
2022-07-20,7759000,1551800,3879500,2327700
2021-09-24,1892000,378400,946000,567600
2022-10-03,4436000,887200,2218000,1330800
2024-08-10,3282000,656400,1641000,984600
2021-03-04,6425000,1285000,3212500,1927500
2024-05-22,9063000,1812600,4531500,2718900
2024-09-08,9262000,1852400,4631000,2778600
2021-07-02,2593000,518600,1296500,777900
2024-06-17,839000,167800,419500,251700
2021-05-17,1905000,381000,952500,571500
2022-03-23,2253000,450600,1126500,675900
2023-05-17,4815000,963000,2407500,1444500
2024-12-17,5926000,1185200,2963000,1777800
2024-09-12,3191000,638200,1595500,957300
2024-03-08,5921000,1184200,2960500,1776300
2024-05-27,5159000,1031800,2579500,1547700
2023-06-13,2747000,549400,1373500,824100
2023-07-11,1067000,213400,533500,320100
2024-02-18,1070000,214000,535000,321000
2022-02-04,5836000,1167200,2918000,1750800
2023-09-25,7268000,1453600,3634000,2180400
2021-03-25,7631000,1526200,3815500,2289300
2022-07-24,6002000,1200400,3001000,1800600
2022-06-20,1158000,231600,579000,347400
2021-05-18,256000,51200,128000,76800
2022-06-01,3929000,785800,1964500,1178700
2021-10-08,5423000,1084600,2711500,1626900
2024-10-14,8978000,1795600,4489000,2693400
2022-06-24,7739000,1547800,3869500,2321700
2023-03-24,6285000,1257000,3142500,1885500
2024-09-07,1724000,344800,862000,517200
2022-11-11,3764000,752800,1882000,1129200
2021-02-15,5129000,1025800,2564500,1538700
2022-04-25,4552000,910400,2276000,1365600
2022-08-29,1833000,366600,916500,549900
2023-09-19,2767000,553400,1383500,830100
2023-04-18,6656000,1331200,3328000,1996800
2022-11-06,9084000,1816800,4542000,2725200
2022-07-03,4579000,915800,2289500,1373700
2024-11-21,3627000,725400,1813500,1088100
2022-11-01,4722000,944400,2361000,1416600
2023-11-25,6298000,1259600,3149000,1889400
2024-05-10,6486000,1297200,3243000,1945800
2023-01-01,6641000,1328200,3320500,1992300
2022-01-08,1832000,366400,916000,549600
2022-02-02,6708000,1341600,3354000,2012400
2022-01-11,1060000,212000,530000,318000
2023-08-25,221000,44200,110500,66300
2022-12-04,3243000,648600,1621500,972900
2024-10-24,2767000,553400,1383500,830100
2021-11-07,6039000,1207800,3019500,1811700
2021-03-10,631000,126200,315500,189300
2023-05-25,572000,114400,286000,171600
2023-02-09,7805000,1561000,3902500,2341500
2023-09-02,7421000,1484200,3710500,2226300
2023-03-11,7237000,1447400,3618500,2171100
2024-08-08,3241000,648200,1620500,972300
2024-05-12,650000,130000,325000,195000
2021-07-15,3338000,667600,1669000,1001400
2023-06-16,4257000,851400,2128500,1277100
2023-10-01,155000,31000,77500,46500
2023-02-10,5445000,1089000,2722500,1633500
2021-07-27,2233000,446600,1116500,669900
2021-12-24,9387000,1877400,4693500,2816100
2021-05-25,9306000,1861200,4653000,2791800
2022-07-29,2875000,575000,1437500,862500
2023-11-17,1093000,218600,546500,327900
2023-07-13,8975000,1795000,4487500,2692500
2021-07-17,6762000,1352400,3381000,2028600
2021-03-31,4044000,808800,2022000,1213200
2024-03-16,3740000,748000,1870000,1122000
2021-07-25,9554000,1910800,4777000,2866200
2022-03-19,2925000,585000,1462500,877500
2022-02-22,357000,71400,178500,107100
2024-02-13,8119000,1623800,4059500,2435700
2021-03-20,2212000,442400,1106000,663600
2021-12-20,6975000,1395000,3487500,2092500
2021-04-11,7815000,1563000,3907500,2344500
2021-08-14,1802000,360400,901000,540600
2022-05-10,1359000,271800,679500,407700
2024-06-13,8056000,1611200,4028000,2416800
2021-09-06,1781000,356200,890500,534300
2023-03-10,2220000,444000,1110000,666000
2023-03-30,6809000,1361800,3404500,2042700
2024-02-23,2418000,483600,1209000,725400
2024-08-25,4447000,889400,2223500,1334100
2021-04-20,4039000,807800,2019500,1211700
2022-09-05,226000,45200,113000,67800
2021-11-22,1998000,399600,999000,599400
2022-06-17,1101000,220200,550500,330300
2021-01-31,6827000,1365400,3413500,2048100
2024-12-11,166000,33200,83000,49800
2021-01-17,7819000,1563800,3909500,2345700
2023-05-13,8592000,1718400,4296000,2577600
2022-02-07,9785000,1957000,4892500,2935500
2023-08-14,4353000,870600,2176500,1305900
2021-11-26,9088000,1817600,4544000,2726400
2021-07-16,9284000,1856800,4642000,2785200
2023-11-29,1485000,297000,742500,445500
2024-04-22,2730000,546000,1365000,819000
2023-01-26,4389000,877800,2194500,1316700
2021-04-29,7850000,1570000,3925000,2355000
2023-04-03,1041000,208200,520500,312300
2021-10-11,6769000,1353800,3384500,2030700
2023-03-25,2688000,537600,1344000,806400
2023-08-12,2279000,455800,1139500,683700
2022-06-27,9883000,1976600,4941500,2964900
2023-07-06,9525000,1905000,4762500,2857500
2023-11-04,4380000,876000,2190000,1314000
2024-04-11,6983000,1396600,3491500,2094900
2022-07-30,4316000,863200,2158000,1294800
2024-09-11,3306000,661200,1653000,991800
2021-11-29,8808000,1761600,4404000,2642400
2022-03-22,9244000,1848800,4622000,2773200
2023-04-03,1512000,302400,756000,453600
2023-11-06,4128000,825600,2064000,1238400
2023-06-12,6671000,1334200,3335500,2001300
2022-01-16,5198000,1039600,2599000,1559400
2022-04-16,6750000,1350000,3375000,2025000
2022-11-04,442000,88400,221000,132600
2021-07-17,4842000,968400,2421000,1452600
2024-11-01,7606000,1521200,3803000,2281800
2023-02-09,962000,192400,481000,288600
2023-04-10,8707000,1741400,4353500,2612100
2021-05-12,5381000,1076200,2690500,1614300
2023-08-24,1468000,293600,734000,440400
2022-04-04,5203000,1040600,2601500,1560900
2023-05-21,7411000,1482200,3705500,2223300
2021-06-21,5119000,1023800,2559500,1535700
2023-03-23,74000,14800,37000,22200
2022-07-20,8893000,1778600,4446500,2667900
2024-01-14,9416000,1883200,4708000,2824800
2024-12-11,1134000,226800,567000,340200
2023-11-18,157000,31400,78500,47100
2021-06-07,5979000,1195800,2989500,1793700
2024-12-09,7277000,1455400,3638500,2183100
2023-10-30,4807000,961400,2403500,1442100
2023-02-10,7038000,1407600,3519000,2111400
2022-01-31,9785000,1957000,4892500,2935500
2021-04-19,9312000,1862400,4656000,2793600
2021-05-14,3955000,791000,1977500,1186500
2021-04-26,5401000,1080200,2700500,1620300
2023-03-23,8908000,1781600,4454000,2672400
2021-10-05,9941000,1988200,4970500,2982300
2024-04-13,2154000,430800,1077000,646200
2024-03-12,8465000,1693000,4232500,2539500
2021-04-30,7602000,1520400,3801000,2280600
2024-12-14,8483000,1696600,4241500,2544900
2024-10-24,1636000,327200,818000,490800
2022-02-09,9783000,1956600,4891500,2934900
2024-07-14,4117000,823400,2058500,1235100
2021-04-17,3894000,778800,1947000,1168200
2023-12-20,2288000,457600,1144000,686400
2022-05-24,4185000,837000,2092500,1255500
2021-12-04,200000,40000,100000,60000
2023-07-03,8603000,1720600,4301500,2580900
2022-07-27,4549000,909800,2274500,1364700
2021-02-26,4492000,898400,2246000,1347600
2024-04-08,4864000,972800,2432000,1459200
2024-04-01,4864000,972800,2432000,1459200
2021-06-20,3404000,680800,1702000,1021200
2021-10-19,6932000,1386400,3466000,2079600
2021-10-30,7103000,1420600,3551500,2130900
2024-08-15,3285000,657000,1642500,985500
2022-11-29,5346000,1069200,2673000,1603800
2021-06-02,6507000,1301400,3253500,1952100
2024-02-05,762000,152400,381000,228600
2021-06-06,2611000,522200,1305500,783300
2024-08-10,4458000,891600,2229000,1337400
2022-03-31,2764000,552800,1382000,829200
2024-01-10,2695000,539000,1347500,808500
2022-08-06,3805000,761000,1902500,1141500
2021-08-29,3791000,758200,1895500,1137300
2024-10-18,2559000,511800,1279500,767700
2021-11-23,5648000,1129600,2824000,1694400
2021-05-04,475000,95000,237500,142500
2021-08-17,2316000,463200,1158000,694800
2024-12-05,7116000,1423200,3558000,2134800
2022-12-11,5396000,1079200,2698000,1618800
2021-05-16,5741000,1148200,2870500,1722300
2023-10-28,491000,98200,245500,147300
2024-06-01,394000,78800,197000,118200
2024-09-08,5981000,1196200,2990500,1794300
2021-11-25,4498000,899600,2249000,1349400
2023-06-04,7881000,1576200,3940500,2364300
2024-07-14,439000,87800,219500,131700
2022-08-29,6469000,1293800,3234500,1940700
2024-07-30,3404000,680800,1702000,1021200
2023-01-24,8299000,1659800,4149500,2489700
2022-04-15,5579000,1115800,2789500,1673700
2021-11-23,7588000,1517600,3794000,2276400
2024-08-22,4537000,907400,2268500,1361100
2022-08-06,490000,98000,245000,147000
2022-09-18,839000,167800,419500,251700
2021-07-07,5744000,1148800,2872000,1723200
2021-05-08,5642000,1128400,2821000,1692600
2023-05-28,1505000,301000,752500,451500
2021-11-16,2533000,506600,1266500,759900
2021-04-03,2032000,406400,1016000,609600
2023-02-05,6389000,1277800,3194500,1916700
2024-02-15,3262000,652400,1631000,978600
2024-03-10,7129000,1425800,3564500,2138700
2023-12-14,2920000,584000,1460000,876000
2022-03-24,2140000,428000,1070000,642000
2023-06-26,5132000,1026400,2566000,1539600
2024-09-26,6726000,1345200,3363000,2017800
2021-11-30,410000,82000,205000,123000
2023-05-06,2687000,537400,1343500,806100
2022-11-06,9484000,1896800,4742000,2845200
2021-08-28,2831000,566200,1415500,849300
2024-12-12,1152000,230400,576000,345600
2023-01-02,7116000,1423200,3558000,2134800
2023-02-07,4380000,876000,2190000,1314000
2021-07-27,428000,85600,214000,128400
2024-10-15,7764000,1552800,3882000,2329200
2024-05-22,4813000,962600,2406500,1443900
2023-05-09,5517000,1103400,2758500,1655100
2021-09-24,2131000,426200,1065500,639300
2021-09-09,7710000,1542000,3855000,2313000
2022-12-09,8707000,1741400,4353500,2612100
2021-10-26,3782000,756400,1891000,1134600
2024-11-22,9984000,1996800,4992000,2995200
2021-03-25,7682000,1536400,3841000,2304600
2022-09-08,7143000,1428600,3571500,2142900
2024-06-07,4857000,971400,2428500,1457100
2024-09-07,82000,16400,41000,24600
2023-12-14,2105000,421000,1052500,631500
2024-08-24,5056000,1011200,2528000,1516800
2023-07-23,2635000,527000,1317500,790500
2021-07-27,3811000,762200,1905500,1143300
2021-03-21,9608000,1921600,4804000,2882400
2024-03-11,4053000,810600,2026500,1215900
2021-07-03,4947000,989400,2473500,1484100
2024-06-24,6879000,1375800,3439500,2063700
2022-10-02,9063000,1812600,4531500,2718900
2023-05-14,6343000,1268600,3171500,1902900
2021-05-16,6826000,1365200,3413000,2047800
2021-09-03,1924000,384800,962000,577200
2024-11-13,739000,147800,369500,221700
2024-11-01,8250000,1650000,4125000,2475000
2023-11-20,8510000,1702000,4255000,2553000
2023-11-02,3275000,655000,1637500,982500
2024-07-06,8003000,1600600,4001500,2400900
2022-09-21,6739000,1347800,3369500,2021700
2021-10-02,5888000,1177600,2944000,1766400
2021-10-31,5814000,1162800,2907000,1744200
2024-06-30,7398000,1479600,3699000,2219400
2022-02-24,5003000,1000600,2501500,1500900
2023-02-07,6741000,1348200,3370500,2022300
2024-11-01,6408000,1281600,3204000,1922400
2022-08-26,1044000,208800,522000,313200
2021-07-04,4699000,939800,2349500,1409700
2021-11-02,4796000,959200,2398000,1438800
2021-08-26,7068000,1413600,3534000,2120400
2023-06-09,780000,156000,390000,234000
2023-05-05,7705000,1541000,3852500,2311500
2023-01-12,9664000,1932800,4832000,2899200
2021-09-14,2835000,567000,1417500,850500
2023-03-31,7230000,1446000,3615000,2169000
2022-01-25,8193000,1638600,4096500,2457900
2024-10-25,4768000,953600,2384000,1430400
2021-05-03,8727000,1745400,4363500,2618100
2022-06-14,5461000,1092200,2730500,1638300
2021-09-27,2359000,471800,1179500,707700
2024-06-13,368000,73600,184000,110400
2023-08-12,4798000,959600,2399000,1439400
2021-09-11,7535000,1507000,3767500,2260500
2023-04-21,9075000,1815000,4537500,2722500
2021-07-11,8758000,1751600,4379000,2627400
2021-06-29,3271000,654200,1635500,981300
2021-06-07,7953000,1590600,3976500,2385900
2023-07-23,708000,141600,354000,212400
2024-08-05,6384000,1276800,3192000,1915200
2022-05-20,1200000,240000,600000,360000
2021-08-07,4382000,876400,2191000,1314600
2021-08-17,7293000,1458600,3646500,2187900
2023-03-20,1625000,325000,812500,487500
2023-03-06,4409000,881800,2204500,1322700
2021-08-19,3362000,672400,1681000,1008600
2022-12-28,5944000,1188800,2972000,1783200
2021-03-26,2012000,402400,1006000,603600
2023-07-12,758000,151600,379000,227400
2022-03-10,929000,185800,464500,278700
2023-06-16,2385000,477000,1192500,715500
2021-01-28,7281000,1456200,3640500,2184300
2024-12-10,1215000,243000,607500,364500
2023-07-18,9752000,1950400,4876000,2925600
2024-10-02,6510000,1302000,3255000,1953000
2021-10-25,1761000,352200,880500,528300
2023-06-02,1955000,391000,977500,586500
2021-06-05,7365000,1473000,3682500,2209500
2024-03-18,2236000,447200,1118000,670800
2023-12-11,2269000,453800,1134500,680700
2021-04-13,9027000,1805400,4513500,2708100
2023-09-08,3993000,798600,1996500,1197900
2023-01-24,4930000,986000,2465000,1479000
2023-10-12,3182000,636400,1591000,954600
2022-04-08,9568000,1913600,4784000,2870400
2023-10-31,323000,64600,161500,96900
2021-04-05,9263000,1852600,4631500,2778900
2023-10-30,1383000,276600,691500,414900
2022-10-14,3471000,694200,1735500,1041300
2022-04-17,9783000,1956600,4891500,2934900
2023-03-15,2147000,429400,1073500,644100
2024-10-24,377000,75400,188500,113100
2022-05-11,1428000,285600,714000,428400
2021-05-08,7020000,1404000,3510000,2106000
2024-04-13,5195000,1039000,2597500,1558500
2021-06-01,5299000,1059800,2649500,1589700
2021-11-17,9409000,1881800,4704500,2822700
2021-01-23,8494000,1698800,4247000,2548200
2021-10-27,6380000,1276000,3190000,1914000
2022-09-12,6983000,1396600,3491500,2094900
2022-07-24,8596000,1719200,4298000,2578800
2024-07-07,4378000,875600,2189000,1313400
2022-03-05,1775000,355000,887500,532500
2023-07-07,7351000,1470200,3675500,2205300
2023-05-27,8802000,1760400,4401000,2640600
2023-03-13,8632000,1726400,4316000,2589600
2023-08-27,7947000,1589400,3973500,2384100
2022-11-26,8381000,1676200,4190500,2514300
2022-03-07,2314000,462800,1157000,694200
2023-07-09,9793000,1958600,4896500,2937900
2023-08-17,1772000,354400,886000,531600
2021-10-03,6683000,1336600,3341500,2004900
2021-04-07,7282000,1456400,3641000,2184600
2024-11-17,1202000,240400,601000,360600
2021-12-02,8558000,1711600,4279000,2567400
2023-03-29,2465000,493000,1232500,739500
2024-06-24,2562000,512400,1281000,768600
2021-10-31,6817000,1363400,3408500,2045100
2022-10-01,1636000,327200,818000,490800
2022-05-17,8196000,1639200,4098000,2458800
2023-03-12,9769000,1953800,4884500,2930700
2024-09-23,757000,151400,378500,227100
2023-11-07,3290000,658000,1645000,987000
2023-01-11,7321000,1464200,3660500,2196300
2022-12-03,8271000,1654200,4135500,2481300
2023-11-08,545000,109000,272500,163500
2024-11-17,6662000,1332400,3331000,1998600
2021-01-28,6070000,1214000,3035000,1821000
2022-08-15,7950000,1590000,3975000,2385000
2023-01-11,7030000,1406000,3515000,2109000
2021-02-16,9201000,1840200,4600500,2760300
2022-01-01,5106000,1021200,2553000,1531800
2023-05-17,5417000,1083400,2708500,1625100
2024-06-22,253000,50600,126500,75900
2022-04-14,4133000,826600,2066500,1239900
2022-12-28,8604000,1720800,4302000,2581200
2023-06-12,3624000,724800,1812000,1087200
2022-09-04,1490000,298000,745000,447000
2022-06-07,6826000,1365200,3413000,2047800
2022-02-15,987000,197400,493500,296100
2024-06-01,1833000,366600,916500,549900
2024-12-08,3112000,622400,1556000,933600
2024-02-07,223000,44600,111500,66900
2021-06-11,9979000,1995800,4989500,2993700
2021-11-20,6231000,1246200,3115500,1869300
2022-01-24,1382000,276400,691000,414600
2021-10-09,9386000,1877200,4693000,2815800
2021-08-27,1093000,218600,546500,327900
2022-03-08,2626000,525200,1313000,787800
2021-07-08,2419000,483800,1209500,725700
2023-03-15,8443000,1688600,4221500,2532900
2022-02-16,8322000,1664400,4161000,2496600
2024-02-19,3275000,655000,1637500,982500
2024-03-14,9867000,1973400,4933500,2960100
2023-01-01,6258000,1251600,3129000,1877400
2021-07-29,6339000,1267800,3169500,1901700
2024-11-25,9460000,1892000,4730000,2838000
2022-12-25,2954000,590800,1477000,886200
2024-11-23,3575000,715000,1787500,1072500
2021-05-10,9817000,1963400,4908500,2945100
2021-08-23,1370000,274000,685000,411000
2023-05-26,8106000,1621200,4053000,2431800
2024-05-05,8379000,1675800,4189500,2513700
2022-04-25,4413000,882600,2206500,1323900
2021-05-14,2439000,487800,1219500,731700
2021-04-21,1658000,331600,829000,497400
2022-08-16,2437000,487400,1218500,731100
2023-03-01,2605000,521000,1302500,781500
2024-07-01,8873000,1774600,4436500,2661900
2022-12-08,4426000,885200,2213000,1327800
2023-08-29,212000,42400,106000,63600
2022-06-25,8473000,1694600,4236500,2541900
2022-12-14,2997000,599400,1498500,899100
2024-01-05,1965000,393000,982500,589500
2023-03-17,3244000,648800,1622000,973200
2023-04-20,2803000,560600,1401500,840900
2023-06-04,8408000,1681600,4204000,2522400
2021-06-04,6488000,1297600,3244000,1946400
2021-12-07,1760000,352000,880000,528000
2022-11-02,4693000,938600,2346500,1407900
2024-02-05,6459000,1291800,3229500,1937700
2023-04-25,2294000,458800,1147000,688200
2021-02-18,7522000,1504400,3761000,2256600
2023-06-07,7952000,1590400,3976000,2385600
2023-07-12,1452000,290400,726000,435600
2022-05-31,228000,45600,114000,68400
2022-03-23,4084000,816800,2042000,1225200
2024-10-29,5971000,1194200,2985500,1791300
2021-11-24,8045000,1609000,4022500,2413500
2021-05-11,3171000,634200,1585500,951300
2021-05-27,3997000,799400,1998500,1199100
2021-02-07,3658000,731600,1829000,1097400
2022-11-26,2989000,597800,1494500,896700
2021-12-02,774000,154800,387000,232200
2024-02-23,4525000,905000,2262500,1357500
2021-04-19,7011000,1402200,3505500,2103300
2022-04-08,9790000,1958000,4895000,2937000
2024-04-30,4501000,900200,2250500,1350300
2021-05-05,2065000,413000,1032500,619500
2022-07-05,9270000,1854000,4635000,2781000
2022-07-31,835000,167000,417500,250500
2024-06-09,2222000,444400,1111000,666600
2021-03-23,6876000,1375200,3438000,2062800
2022-01-27,6202000,1240400,3101000,1860600
2023-08-19,3227000,645400,1613500,968100
2024-04-09,8487000,1697400,4243500,2546100
2021-05-07,5170000,1034000,2585000,1551000
2022-04-15,9186000,1837200,4593000,2755800
2021-05-04,7600000,1520000,3800000,2280000
2023-07-13,648000,129600,324000,194400
2024-09-14,3841000,768200,1920500,1152300
2024-05-22,1663000,332600,831500,498900
2022-12-19,9303000,1860600,4651500,2790900
2024-06-26,3124000,624800,1562000,937200
2023-12-30,3602000,720400,1801000,1080600
2023-04-24,9424000,1884800,4712000,2827200
2022-06-01,5983000,1196600,2991500,1794900
2022-08-27,8648000,1729600,4324000,2594400
2023-06-24,6374000,1274800,3187000,1912200
2024-10-03,53000,10600,26500,15900
2021-11-07,1423000,284600,711500,426900
2021-09-14,758000,151600,379000,227400
2021-03-31,8828000,1765600,4414000,2648400
2022-06-14,7149000,1429800,3574500,2144700
2024-01-04,6557000,1311400,3278500,1967100
2024-07-16,3716000,743200,1858000,1114800
2021-04-07,344000,68800,172000,103200
2022-09-24,2108000,421600,1054000,632400
2021-02-15,9707000,1941400,4853500,2912100
2023-01-14,270000,54000,135000,81000
2022-07-10,725000,145000,362500,217500
2021-10-22,221000,44200,110500,66300
2021-05-20,5264000,1052800,2632000,1579200
2021-05-29,6031000,1206200,3015500,1809300
2021-08-18,4228000,845600,2114000,1268400
2021-11-03,520000,104000,260000,156000
2023-05-17,7391000,1478200,3695500,2217300
2023-06-17,9055000,1811000,4527500,2716500
2021-10-26,5162000,1032400,2581000,1548600
2022-08-06,6975000,1395000,3487500,2092500
2021-01-31,3038000,607600,1519000,911400
2023-11-03,1099000,219800,549500,329700
2021-07-31,4553000,910600,2276500,1365900
2023-08-21,8732000,1746400,4366000,2619600
2024-04-21,4356000,871200,2178000,1306800
2021-04-27,8069000,1613800,4034500,2420700
2022-02-27,8769000,1753800,4384500,2630700
2023-06-22,2634000,526800,1317000,790200
2021-05-06,8922000,1784400,4461000,2676600
2022-05-02,7636000,1527200,3818000,2290800
2023-07-05,9349000,1869800,4674500,2804700
2021-07-26,8144000,1628800,4072000,2443200
2022-12-05,8931000,1786200,4465500,2679300
2024-12-16,8542000,1708400,4271000,2562600
2024-11-07,5102000,1020400,2551000,1530600
2023-05-16,6534000,1306800,3267000,1960200
2024-04-05,2578000,515600,1289000,773400
2021-07-27,2383000,476600,1191500,714900
2023-02-22,7360000,1472000,3680000,2208000
2023-10-17,1916000,383200,958000,574800
2024-03-23,8694000,1738800,4347000,2608200
2024-09-04,4513000,902600,2256500,1353900
2022-08-15,8839000,1767800,4419500,2651700
2023-12-01,3487000,697400,1743500,1046100
2021-04-11,6256000,1251200,3128000,1876800
2021-08-03,8176000,1635200,4088000,2452800
2021-12-31,6844000,1368800,3422000,2053200
2024-09-13,7212000,1442400,3606000,2163600
2024-01-18,2431000,486200,1215500,729300
2021-05-30,7380000,1476000,3690000,2214000
2024-10-10,1807000,361400,903500,542100
2022-06-10,9681000,1936200,4840500,2904300
2024-06-06,1588000,317600,794000,476400
2021-05-24,3395000,679000,1697500,1018500
2021-01-22,5393000,1078600,2696500,1617900
2022-03-21,4532000,906400,2266000,1359600
2023-08-18,4775000,955000,2387500,1432500
2023-03-17,6896000,1379200,3448000,2068800
2022-06-27,111000,22200,55500,33300
2021-12-12,3746000,749200,1873000,1123800
2022-05-02,3304000,660800,1652000,991200
2024-07-16,1998000,399600,999000,599400
2021-06-07,2700000,540000,1350000,810000
2022-07-08,2463000,492600,1231500,738900
2021-10-13,8416000,1683200,4208000,2524800
2022-06-11,7260000,1452000,3630000,2178000
2021-12-20,341000,68200,170500,102300
2023-06-29,8491000,1698200,4245500,2547300
2022-05-20,6568000,1313600,3284000,1970400
2022-04-07,593000,118600,296500,177900
2023-12-17,6543000,1308600,3271500,1962900
2024-05-17,1091000,218200,545500,327300
2022-03-10,1203000,240600,601500,360900
2021-08-21,921000,184200,460500,276300
2022-02-06,9362000,1872400,4681000,2808600
2023-02-22,1414000,282800,707000,424200
2024-03-30,6521000,1304200,3260500,1956300
2023-07-20,2728000,545600,1364000,818400
2023-07-11,2271000,454200,1135500,681300
2024-06-23,495000,99000,247500,148500
2021-11-13,7285000,1457000,3642500,2185500
2021-12-03,1458000,291600,729000,437400
2024-11-14,5423000,1084600,2711500,1626900
2023-07-26,3685000,737000,1842500,1105500
2021-04-12,438000,87600,219000,131400
2022-12-30,146000,29200,73000,43800
2021-12-25,8616000,1723200,4308000,2584800
2024-05-03,9862000,1972400,4931000,2958600
2024-03-20,1870000,374000,935000,561000
2023-11-12,7172000,1434400,3586000,2151600
2024-02-25,3908000,781600,1954000,1172400
2022-06-07,6095000,1219000,3047500,1828500
2021-10-15,2384000,476800,1192000,715200
2023-09-29,2743000,548600,1371500,822900
2023-10-29,6722000,1344400,3361000,2016600
2023-02-11,1725000,345000,862500,517500
2024-09-25,8087000,1617400,4043500,2426100
2021-10-05,8382000,1676400,4191000,2514600
2023-07-20,1436000,287200,718000,430800
2023-07-03,4287000,857400,2143500,1286100
2022-10-24,9575000,1915000,4787500,2872500
2022-07-23,2887000,577400,1443500,866100
2024-11-19,4780000,956000,2390000,1434000
2021-07-09,8160000,1632000,4080000,2448000
2023-02-24,9468000,1893600,4734000,2840400
2024-03-05,2003000,400600,1001500,600900
2021-04-02,6132000,1226400,3066000,1839600
2023-06-12,5945000,1189000,2972500,1783500
2023-03-21,9607000,1921400,4803500,2882100
2024-10-03,6231000,1246200,3115500,1869300
2024-01-21,5168000,1033600,2584000,1550400
2022-08-26,8929000,1785800,4464500,2678700
2021-07-27,8135000,1627000,4067500,2440500
2021-12-22,9440000,1888000,4720000,2832000
2022-09-11,4915000,983000,2457500,1474500
2022-09-02,7706000,1541200,3853000,2311800
2023-06-05,9571000,1914200,4785500,2871300
2022-07-14,1277000,255400,638500,383100
2021-10-26,2148000,429600,1074000,644400
2021-05-15,3637000,727400,1818500,1091100
2022-07-14,5054000,1010800,2527000,1516200
2023-02-09,8874000,1774800,4437000,2662200
2024-02-27,6347000,1269400,3173500,1904100
2021-04-01,1491000,298200,745500,447300
2021-07-24,523000,104600,261500,156900
2024-08-24,2590000,518000,1295000,777000
2021-05-02,5234000,1046800,2617000,1570200
2022-08-21,7024000,1404800,3512000,2107200
2024-03-23,1260000,252000,630000,378000
2024-10-20,9632000,1926400,4816000,2889600
2021-01-21,472000,94400,236000,141600
2023-07-31,5595000,1119000,2797500,1678500
2021-05-17,2482000,496400,1241000,744600
2024-11-30,788000,157600,394000,236400
2021-02-14,4403000,880600,2201500,1320900
2024-11-12,6956000,1391200,3478000,2086800
2022-10-26,72000,14400,36000,21600
2021-08-08,4897000,979400,2448500,1469100
2021-02-28,757000,151400,378500,227100
2021-09-18,3492000,698400,1746000,1047600
2023-02-19,5165000,1033000,2582500,1549500
2023-12-07,1468000,293600,734000,440400
2023-11-08,8380000,1676000,4190000,2514000
2022-11-07,2926000,585200,1463000,877800
2023-12-23,3873000,774600,1936500,1161900
2021-07-01,5665000,1133000,2832500,1699500
2024-04-10,1976000,395200,988000,592800
2021-07-13,3446000,689200,1723000,1033800
2024-05-04,4249000,849800,2124500,1274700
2021-09-06,2644000,528800,1322000,793200
2024-06-22,3593000,718600,1796500,1077900
2022-07-11,4757000,951400,2378500,1427100
2023-08-14,7860000,1572000,3930000,2358000
2023-02-10,9691000,1938200,4845500,2907300
2024-01-22,4438000,887600,2219000,1331400
2022-02-25,3400000,680000,1700000,1020000
2021-09-30,6958000,1391600,3479000,2087400
2021-03-05,3046000,609200,1523000,913800
2024-05-09,5124000,1024800,2562000,1537200
2021-03-28,3774000,754800,1887000,1132200
2023-12-30,5838000,1167600,2919000,1751400
2024-06-28,3813000,762600,1906500,1143900
2023-10-24,4333000,866600,2166500,1299900
2022-03-06,1000000,200000,500000,300000
2022-02-17,1792000,358400,896000,537600
2021-04-13,9433000,1886600,4716500,2829900
2022-05-30,4195000,839000,2097500,1258500
2022-07-07,8448000,1689600,4224000,2534400
2021-08-25,4856000,971200,2428000,1456800
2022-01-22,7998000,1599600,3999000,2399400
2021-03-02,7410000,1482000,3705000,2223000
2024-09-02,606000,121200,303000,181800
2023-10-03,7607000,1521400,3803500,2282100
2021-03-29,8660000,1732000,4330000,2598000
2024-07-26,135000,27000,67500,40500
2022-02-11,9114000,1822800,4557000,2734200
2022-05-10,7731000,1546200,3865500,2319300
2022-09-19,6048000,1209600,3024000,1814400
2024-08-08,6202000,1240400,3101000,1860600
2022-05-19,8876000,1775200,4438000,2662800
2021-10-06,7443000,1488600,3721500,2232900
2022-02-16,5501000,1100200,2750500,1650300
2023-08-17,5049000,1009800,2524500,1514700
2022-01-17,2865000,573000,1432500,859500
2023-10-22,3377000,675400,1688500,1013100
2024-09-06,2903000,580600,1451500,870900
2023-01-10,1927000,385400,963500,578100
2021-07-11,5677000,1135400,2838500,1703100
2024-09-07,3581000,716200,1790500,1074300
2024-02-27,3870000,774000,1935000,1161000
2023-10-23,4331000,866200,2165500,1299300
2022-07-22,4262000,852400,2131000,1278600
2023-05-08,5070000,1014000,2535000,1521000
2023-08-19,8298000,1659600,4149000,2489400
2022-12-08,317000,63400,158500,95100
2021-06-14,9965000,1993000,4982500,2989500
2022-12-13,2989000,597800,1494500,896700
2024-09-20,5387000,1077400,2693500,1616100
2023-06-05,1847000,369400,923500,554100
2024-05-05,6046000,1209200,3023000,1813800
2021-02-24,5503000,1100600,2751500,1650900
2024-02-23,126000,25200,63000,37800
2021-08-24,2310000,462000,1155000,693000
2021-12-08,9055000,1811000,4527500,2716500
2023-06-15,5600000,1120000,2800000,1680000
2022-08-16,7260000,1452000,3630000,2178000
2024-01-12,7288000,1457600,3644000,2186400
2024-10-07,9340000,1868000,4670000,2802000
2023-06-23,5918000,1183600,2959000,1775400
2021-12-17,5224000,1044800,2612000,1567200
2022-06-18,1896000,379200,948000,568800
2021-08-30,3262000,652400,1631000,978600
2023-05-07,4878000,975600,2439000,1463400
2022-08-30,5724000,1144800,2862000,1717200
2022-04-13,9535000,1907000,4767500,2860500
2021-02-23,381000,76200,190500,114300
2024-12-14,8107000,1621400,4053500,2432100
2022-03-31,5226000,1045200,2613000,1567800
2024-07-22,1438000,287600,719000,431400
2022-09-15,4940000,988000,2470000,1482000
2021-10-05,1339000,267800,669500,401700
2022-04-02,3599000,719800,1799500,1079700
2022-10-13,7734000,1546800,3867000,2320200
2021-07-22,7990000,1598000,3995000,2397000
2024-06-11,7533000,1506600,3766500,2259900
2022-09-20,6617000,1323400,3308500,1985100
2023-12-29,8713000,1742600,4356500,2613900
2022-03-04,3916000,783200,1958000,1174800
2021-03-17,8828000,1765600,4414000,2648400
2021-11-22,8782000,1756400,4391000,2634600
2021-09-04,9902000,1980400,4951000,2970600
2022-07-30,2445000,489000,1222500,733500
2021-07-28,8598000,1719600,4299000,2579400
2023-10-06,406000,81200,203000,121800
2024-04-07,1272000,254400,636000,381600
2021-12-31,4405000,881000,2202500,1321500
2023-05-15,1791000,358200,895500,537300
2024-07-21,3222000,644400,1611000,966600
2022-08-05,60000,12000,30000,18000
2021-10-29,8320000,1664000,4160000,2496000
2024-07-05,5076000,1015200,2538000,1522800
2021-10-20,4098000,819600,2049000,1229400
2021-12-12,3148000,629600,1574000,944400
2021-03-15,6009000,1201800,3004500,1802700
2021-05-19,5572000,1114400,2786000,1671600
2023-06-18,3691000,738200,1845500,1107300
2021-07-25,218000,43600,109000,65400
2024-01-17,6793000,1358600,3396500,2037900
2022-08-12,9274000,1854800,4637000,2782200
2021-08-13,2175000,435000,1087500,652500
2022-10-07,9307000,1861400,4653500,2792100
2023-03-10,2593000,518600,1296500,777900
2024-09-24,554000,110800,277000,166200
2024-02-28,2627000,525400,1313500,788100
2022-05-29,6920000,1384000,3460000,2076000
2021-08-19,4548000,909600,2274000,1364400
2023-05-19,7519000,1503800,3759500,2255700
2023-11-20,553000,110600,276500,165900
2022-11-09,2787000,557400,1393500,836100
2022-08-10,1094000,218800,547000,328200
2023-12-02,4319000,863800,2159500,1295700
2023-07-25,2032000,406400,1016000,609600
2021-11-06,6973000,1394600,3486500,2091900
2023-12-31,515000,103000,257500,154500
2024-12-11,4247000,849400,2123500,1274100
2024-07-23,1168000,233600,584000,350400
2024-07-26,2757000,551400,1378500,827100
2023-06-16,6419000,1283800,3209500,1925700
2021-06-13,7833000,1566600,3916500,2349900
2023-11-12,141000,28200,70500,42300
2023-05-10,413000,82600,206500,123900
2024-08-05,8599000,1719800,4299500,2579700
2022-10-27,3901000,780200,1950500,1170300
2021-10-20,7611000,1522200,3805500,2283300
2023-05-17,65000,13000,32500,19500
2023-05-01,9725000,1945000,4862500,2917500
2024-11-07,5326000,1065200,2663000,1597800
2021-04-24,7060000,1412000,3530000,2118000
2023-07-29,2785000,557000,1392500,835500
2024-07-17,2939000,587800,1469500,881700
2023-10-04,1135000,227000,567500,340500
2024-10-23,1848000,369600,924000,554400
2023-01-26,1150000,230000,575000,345000
2022-01-14,7691000,1538200,3845500,2307300
2024-11-10,1445000,289000,722500,433500
2023-04-04,214000,42800,107000,64200
2023-04-20,9808000,1961600,4904000,2942400
2023-09-14,4278000,855600,2139000,1283400
2024-05-04,248000,49600,124000,74400
2021-08-03,4925000,985000,2462500,1477500
2021-09-11,4341000,868200,2170500,1302300
2021-09-21,4119000,823800,2059500,1235700
2022-03-14,3714000,742800,1857000,1114200
2024-07-02,7279000,1455800,3639500,2183700
2021-03-14,174000,34800,87000,52200
2021-12-30,8113000,1622600,4056500,2433900
2022-03-24,9809000,1961800,4904500,2942700
2023-04-17,5281000,1056200,2640500,1584300
2022-07-23,2919000,583800,1459500,875700
2022-06-29,4896000,979200,2448000,1468800
2021-10-09,7700000,1540000,3850000,2310000
2023-04-29,1715000,343000,857500,514500
2024-06-06,4790000,958000,2395000,1437000
2022-06-17,9097000,1819400,4548500,2729100
2021-12-04,101000,20200,50500,30300
2021-02-07,4241000,848200,2120500,1272300
2021-08-01,1813000,362600,906500,543900
2021-09-25,7790000,1558000,3895000,2337000
2023-10-14,7726000,1545200,3863000,2317800
2024-03-22,9771000,1954200,4885500,2931300
2021-03-13,2391000,478200,1195500,717300
2021-09-10,4893000,978600,2446500,1467900
2021-12-22,9015000,1803000,4507500,2704500
2022-03-23,1790000,358000,895000,537000
2023-07-25,9915000,1983000,4957500,2974500
2023-11-27,7471000,1494200,3735500,2241300
2023-05-24,3364000,672800,1682000,1009200
2021-10-22,4914000,982800,2457000,1474200
2023-08-20,5292000,1058400,2646000,1587600
2024-01-31,4953000,990600,2476500,1485900
2021-01-19,7190000,1438000,3595000,2157000
2024-08-11,7084000,1416800,3542000,2125200
2023-09-27,3092000,618400,1546000,927600
2024-08-06,6950000,1390000,3475000,2085000
2023-12-28,2037000,407400,1018500,611100
2024-05-27,6085000,1217000,3042500,1825500
2022-12-09,7533000,1506600,3766500,2259900
2021-05-25,6148000,1229600,3074000,1844400
2024-04-04,7263000,1452600,3631500,2178900
2024-09-19,8195000,1639000,4097500,2458500
2022-08-07,3426000,685200,1713000,1027800
2024-04-17,1921000,384200,960500,576300
2021-04-10,8721000,1744200,4360500,2616300
2022-05-15,4864000,972800,2432000,1459200
2021-03-16,239000,47800,119500,71700
2023-06-10,7880000,1576000,3940000,2364000
2021-08-17,2532000,506400,1266000,759600
2024-11-08,1196000,239200,598000,358800
2021-12-13,3041000,608200,1520500,912300
2021-12-19,8893000,1778600,4446500,2667900
2024-09-18,9941000,1988200,4970500,2982300
2023-03-26,9679000,1935800,4839500,2903700
2021-06-19,9645000,1929000,4822500,2893500
2023-12-05,164000,32800,82000,49200
2021-11-05,5196000,1039200,2598000,1558800
2024-10-01,5571000,1114200,2785500,1671300
2021-01-19,9707000,1941400,4853500,2912100
2024-03-07,7624000,1524800,3812000,2287200
2024-09-06,688000,137600,344000,206400
2021-09-20,2285000,457000,1142500,685500
2024-04-25,6461000,1292200,3230500,1938300
2021-06-23,285000,57000,142500,85500
2022-03-24,1403000,280600,701500,420900
2022-05-05,9092000,1818400,4546000,2727600
2021-10-07,2830000,566000,1415000,849000
2022-03-01,2207000,441400,1103500,662100
2024-03-05,5729000,1145800,2864500,1718700
2021-09-16,8995000,1799000,4497500,2698500
2021-10-07,1968000,393600,984000,590400
2021-03-04,6554000,1310800,3277000,1966200
2024-10-06,7448000,1489600,3724000,2234400
2023-01-30,2090000,418000,1045000,627000
2021-03-24,2009000,401800,1004500,602700
2021-07-03,9253000,1850600,4626500,2775900
2024-11-26,8158000,1631600,4079000,2447400
2022-07-19,5170000,1034000,2585000,1551000
2022-07-12,3696000,739200,1848000,1108800
2021-10-26,7936000,1587200,3968000,2380800
2023-04-26,4527000,905400,2263500,1358100
2024-03-06,2318000,463600,1159000,695400
2024-07-08,2755000,551000,1377500,826500
2023-09-07,2015000,403000,1007500,604500
2024-04-20,1177000,235400,588500,353100
2022-12-13,5986000,1197200,2993000,1795800
2023-01-08,4256000,851200,2128000,1276800
2021-06-10,450000,90000,225000,135000
2021-06-07,5237000,1047400,2618500,1571100
2024-04-04,8040000,1608000,4020000,2412000
2022-05-09,5353000,1070600,2676500,1605900
2024-11-29,6000000,1200000,3000000,1800000
2021-01-20,7205000,1441000,3602500,2161500
2022-09-30,9543000,1908600,4771500,2862900
2023-05-16,195000,39000,97500,58500
2023-01-17,6483000,1296600,3241500,1944900
2023-04-26,2173000,434600,1086500,651900
2022-10-15,1886000,377200,943000,565800
2022-06-26,8489000,1697800,4244500,2546700
2023-01-13,3750000,750000,1875000,1125000
2022-07-28,8156000,1631200,4078000,2446800
2022-08-30,3230000,646000,1615000,969000
2022-03-10,5474000,1094800,2737000,1642200
2022-04-09,2060000,412000,1030000,618000
2022-08-18,9460000,1892000,4730000,2838000
2024-03-28,8066000,1613200,4033000,2419800
2024-12-17,9110000,1822000,4555000,2733000
2024-06-02,3964000,792800,1982000,1189200
2021-05-20,1195000,239000,597500,358500
2022-01-09,894000,178800,447000,268200
2024-07-18,6361000,1272200,3180500,1908300
2023-11-19,3992000,798400,1996000,1197600
2022-12-28,9238000,1847600,4619000,2771400
2023-05-30,2436000,487200,1218000,730800
2024-01-19,1863000,372600,931500,558900
2022-12-10,1464000,292800,732000,439200
2021-04-26,5234000,1046800,2617000,1570200
2022-02-24,1871000,374200,935500,561300
2024-05-23,4199000,839800,2099500,1259700
2022-08-30,6918000,1383600,3459000,2075400
2022-01-22,6554000,1310800,3277000,1966200
2022-07-23,6671000,1334200,3335500,2001300
2023-02-26,5112000,1022400,2556000,1533600
2021-07-07,9920000,1984000,4960000,2976000
2023-11-23,4051000,810200,2025500,1215300
2024-09-16,1837000,367400,918500,551100
2022-03-30,503000,100600,251500,150900
2021-02-05,8886000,1777200,4443000,2665800
2024-11-19,5246000,1049200,2623000,1573800
2023-03-20,9659000,1931800,4829500,2897700
2023-09-23,7615000,1523000,3807500,2284500
2023-08-27,8656000,1731200,4328000,2596800
2021-12-05,9245000,1849000,4622500,2773500
2022-10-24,3049000,609800,1524500,914700
2024-08-13,7003000,1400600,3501500,2100900
2023-12-11,1121000,224200,560500,336300
2022-10-08,1079000,215800,539500,323700
2024-07-29,9045000,1809000,4522500,2713500
2023-08-16,9325000,1865000,4662500,2797500
2021-09-13,6099000,1219800,3049500,1829700
2021-10-25,4399000,879800,2199500,1319700
2023-10-26,9321000,1864200,4660500,2796300
2021-04-12,1450000,290000,725000,435000
2023-02-12,4083000,816600,2041500,1224900
2021-07-09,6813000,1362600,3406500,2043900
2021-01-17,2827000,565400,1413500,848100
2021-02-14,5422000,1084400,2711000,1626600
2022-07-25,3495000,699000,1747500,1048500
2023-09-25,6856000,1371200,3428000,2056800
2023-06-08,7047000,1409400,3523500,2114100
2022-04-16,2597000,519400,1298500,779100
2024-04-10,2828000,565600,1414000,848400
2021-10-12,8229000,1645800,4114500,2468700
2023-07-10,1168000,233600,584000,350400
2023-04-20,6163000,1232600,3081500,1848900
2024-01-22,3196000,639200,1598000,958800
2024-06-30,4344000,868800,2172000,1303200
2023-02-26,5600000,1120000,2800000,1680000
2022-06-17,6799000,1359800,3399500,2039700
2021-08-31,8236000,1647200,4118000,2470800
2022-07-17,2094000,418800,1047000,628200
2022-02-25,2101000,420200,1050500,630300
2023-08-04,2561000,512200,1280500,768300
2024-02-05,3590000,718000,1795000,1077000
2022-05-03,2336000,467200,1168000,700800
2022-05-26,1824000,364800,912000,547200
2024-08-17,2200000,440000,1100000,660000
2022-01-23,3362000,672400,1681000,1008600
2021-07-24,2728000,545600,1364000,818400
2022-04-07,6188000,1237600,3094000,1856400
2021-03-09,6939000,1387800,3469500,2081700
2021-08-25,7672000,1534400,3836000,2301600
2024-10-18,1571000,314200,785500,471300
2022-05-09,9406000,1881200,4703000,2821800
2022-08-21,6470000,1294000,3235000,1941000
2023-04-12,3644000,728800,1822000,1093200
2022-05-21,3157000,631400,1578500,947100
2023-07-29,3275000,655000,1637500,982500
2021-05-21,3910000,782000,1955000,1173000
2023-09-02,5954000,1190800,2977000,1786200
2024-09-05,5635000,1127000,2817500,1690500
2021-05-13,6171000,1234200,3085500,1851300
2023-09-29,5428000,1085600,2714000,1628400
2023-06-11,2900000,580000,1450000,870000
2021-08-11,3993000,798600,1996500,1197900
2023-02-25,8439000,1687800,4219500,2531700
2022-08-03,6682000,1336400,3341000,2004600
2022-07-03,8036000,1607200,4018000,2410800
2021-07-17,9279000,1855800,4639500,2783700
2021-03-27,9456000,1891200,4728000,2836800
2024-08-03,2733000,546600,1366500,819900
2024-05-18,7507000,1501400,3753500,2252100
2021-06-20,9518000,1903600,4759000,2855400
2024-05-23,3583000,716600,1791500,1074900
2021-06-02,4813000,962600,2406500,1443900
2023-03-19,4858000,971600,2429000,1457400
2021-06-30,3089000,617800,1544500,926700
2024-09-25,5307000,1061400,2653500,1592100
2022-11-09,7070000,1414000,3535000,2121000
2022-04-16,7486000,1497200,3743000,2245800
2021-01-15,9869000,1973800,4934500,2960700
2023-12-13,8319000,1663800,4159500,2495700
2022-10-26,7506000,1501200,3753000,2251800
2024-03-29,8226000,1645200,4113000,2467800
2021-10-19,6398000,1279600,3199000,1919400
2023-09-01,543000,108600,271500,162900
2021-01-26,2809000,561800,1404500,842700
2024-09-16,2452000,490400,1226000,735600
2023-09-04,1724000,344800,862000,517200
2021-10-26,9628000,1925600,4814000,2888400
2024-02-15,7016000,1403200,3508000,2104800
2024-12-11,6302000,1260400,3151000,1890600
2024-10-06,9952000,1990400,4976000,2985600
2024-02-01,3747000,749400,1873500,1124100
2024-12-05,768000,153600,384000,230400
2024-04-21,3070000,614000,1535000,921000
2022-02-27,8686000,1737200,4343000,2605800
2024-02-28,6265000,1253000,3132500,1879500
2022-10-29,5094000,1018800,2547000,1528200
2021-07-06,8982000,1796400,4491000,2694600
2021-01-17,4495000,899000,2247500,1348500
2023-03-02,3748000,749600,1874000,1124400
2023-01-11,275000,55000,137500,82500
2024-02-22,7318000,1463600,3659000,2195400
2023-06-17,2459000,491800,1229500,737700
2021-06-10,3534000,706800,1767000,1060200
2024-10-02,3356000,671200,1678000,1006800
2024-05-01,6484000,1296800,3242000,1945200
2023-06-10,1539000,307800,769500,461700
2023-10-21,642000,128400,321000,192600
2023-01-25,3713000,742600,1856500,1113900
2023-08-16,8968000,1793600,4484000,2690400
2024-03-16,3860000,772000,1930000,1158000
2021-08-27,3883000,776600,1941500,1164900
2024-09-13,6244000,1248800,3122000,1873200
2022-12-24,7186000,1437200,3593000,2155800
2021-03-17,5417000,1083400,2708500,1625100
2024-10-15,2991000,598200,1495500,897300
2022-05-22,2194000,438800,1097000,658200
2024-05-04,4367000,873400,2183500,1310100
2024-08-24,572000,114400,286000,171600
2022-05-18,7207000,1441400,3603500,2162100
2021-10-30,8583000,1716600,4291500,2574900
2024-09-15,8248000,1649600,4124000,2474400
2023-11-21,5902000,1180400,2951000,1770600
2024-10-11,7350000,1470000,3675000,2205000
2024-09-30,1953000,390600,976500,585900
2023-09-02,9726000,1945200,4863000,2917800
2023-06-14,3427000,685400,1713500,1028100
2023-08-06,3220000,644000,1610000,966000
2022-02-08,3861000,772200,1930500,1158300
2024-11-05,8081000,1616200,4040500,2424300
2021-11-06,8794000,1758800,4397000,2638200
2023-09-08,3318000,663600,1659000,995400
2023-12-02,5414000,1082800,2707000,1624200
2022-10-21,2790000,558000,1395000,837000
2022-02-07,7024000,1404800,3512000,2107200
2024-09-18,8117000,1623400,4058500,2435100
2024-07-02,8219000,1643800,4109500,2465700
2022-10-28,6946000,1389200,3473000,2083800
2024-06-05,9316000,1863200,4658000,2794800
2023-12-16,9486000,1897200,4743000,2845800
2021-11-22,9684000,1936800,4842000,2905200
2022-07-06,4002000,800400,2001000,1200600
2021-06-13,2025000,405000,1012500,607500
2021-06-29,9970000,1994000,4985000,2991000
2022-04-15,4942000,988400,2471000,1482600
2022-01-20,6980000,1396000,3490000,2094000
2022-07-21,6117000,1223400,3058500,1835100
2021-01-22,3759000,751800,1879500,1127700
2024-10-01,6169000,1233800,3084500,1850700
2023-03-16,6963000,1392600,3481500,2088900
2022-01-05,4801000,960200,2400500,1440300
2024-02-22,7236000,1447200,3618000,2170800
2023-05-29,1220000,244000,610000,366000
2021-10-11,8224000,1644800,4112000,2467200
2024-02-17,7314000,1462800,3657000,2194200
2021-09-17,4338000,867600,2169000,1301400
2023-05-04,2206000,441200,1103000,661800
2024-02-10,5478000,1095600,2739000,1643400
2021-08-12,571000,114200,285500,171300
2023-02-24,602000,120400,301000,180600
2022-08-25,1202000,240400,601000,360600
2022-01-29,3867000,773400,1933500,1160100
2024-03-20,766000,153200,383000,229800
2021-03-23,5589000,1117800,2794500,1676700
2021-08-25,6670000,1334000,3335000,2001000
2021-04-26,5599000,1119800,2799500,1679700
2023-07-22,8875000,1775000,4437500,2662500
2021-01-25,2169000,433800,1084500,650700
2023-01-13,1115000,223000,557500,334500
2024-04-02,2712000,542400,1356000,813600
2021-06-10,8917000,1783400,4458500,2675100
2024-05-04,3506000,701200,1753000,1051800
2022-07-04,3309000,661800,1654500,992700
2021-11-28,3405000,681000,1702500,1021500
2021-01-28,8115000,1623000,4057500,2434500
2023-07-25,3218000,643600,1609000,965400
2021-03-17,2094000,418800,1047000,628200
2022-10-15,559000,111800,279500,167700
2024-05-19,7822000,1564400,3911000,2346600
2022-07-07,2456000,491200,1228000,736800
2023-11-05,7128000,1425600,3564000,2138400
2022-08-30,3651000,730200,1825500,1095300
2024-09-15,1417000,283400,708500,425100
2022-01-26,2318000,463600,1159000,695400
2024-11-17,934000,186800,467000,280200
2024-09-12,8409000,1681800,4204500,2522700
2024-12-09,2825000,565000,1412500,847500
2023-05-31,6670000,1334000,3335000,2001000
2024-08-23,4836000,967200,2418000,1450800
2023-02-24,9751000,1950200,4875500,2925300
2022-07-11,9719000,1943800,4859500,2915700
2021-08-28,2816000,563200,1408000,844800
2024-04-19,5321000,1064200,2660500,1596300
2023-09-28,2546000,509200,1273000,763800
2022-04-17,1321000,264200,660500,396300
2024-10-19,2903000,580600,1451500,870900
2022-06-19,2899000,579800,1449500,869700
2023-01-27,7613000,1522600,3806500,2283900
2023-11-16,6793000,1358600,3396500,2037900
2024-06-22,6142000,1228400,3071000,1842600
2021-12-28,1353000,270600,676500,405900
2023-09-04,5424000,1084800,2712000,1627200
2021-07-12,7338000,1467600,3669000,2201400
2022-07-29,6789000,1357800,3394500,2036700
2021-07-29,1720000,344000,860000,516000
2021-11-11,8695000,1739000,4347500,2608500
2022-03-01,254000,50800,127000,76200
2024-11-06,3886000,777200,1943000,1165800
2023-06-05,6532000,1306400,3266000,1959600
2024-08-18,5680000,1136000,2840000,1704000
2024-05-28,6493000,1298600,3246500,1947900
2022-01-07,6404000,1280800,3202000,1921200
2021-08-26,7782000,1556400,3891000,2334600
2022-03-16,6972000,1394400,3486000,2091600
2021-05-23,1324000,264800,662000,397200
2021-08-28,564000,112800,282000,169200
2022-10-13,3201000,640200,1600500,960300
2024-11-01,4383000,876600,2191500,1314900
2023-11-14,2172000,434400,1086000,651600
2023-04-09,8751000,1750200,4375500,2625300
2024-02-28,3565000,713000,1782500,1069500
2022-06-09,2203000,440600,1101500,660900
2024-05-06,7591000,1518200,3795500,2277300
2022-06-26,5263000,1052600,2631500,1578900
2022-12-24,2440000,488000,1220000,732000
2021-09-20,6671000,1334200,3335500,2001300
2023-07-24,1950000,390000,975000,585000
2024-01-23,5675000,1135000,2837500,1702500
2024-01-18,5129000,1025800,2564500,1538700
2024-03-08,6503000,1300600,3251500,1950900
2021-03-11,74000,14800,37000,22200
2023-08-11,4155000,831000,2077500,1246500
2022-02-04,7392000,1478400,3696000,2217600
2021-07-21,8181000,1636200,4090500,2454300
2022-09-20,7577000,1515400,3788500,2273100
2022-08-27,1226000,245200,613000,367800
2024-06-07,9957000,1991400,4978500,2987100
2021-03-18,1415000,283000,707500,424500
2022-04-10,3957000,791400,1978500,1187100
2024-11-20,6360000,1272000,3180000,1908000
2022-02-04,6872000,1374400,3436000,2061600
2024-02-05,2582000,516400,1291000,774600
2024-04-13,4916000,983200,2458000,1474800
2021-10-21,3642000,728400,1821000,1092600
2024-11-15,2791000,558200,1395500,837300
2021-11-07,3392000,678400,1696000,1017600
2023-03-29,6833000,1366600,3416500,2049900
2022-12-11,7008000,1401600,3504000,2102400
2022-07-29,1790000,358000,895000,537000
2022-09-10,8704000,1740800,4352000,2611200
2024-09-11,6774000,1354800,3387000,2032200
2022-06-07,8925000,1785000,4462500,2677500
2022-02-12,6135000,1227000,3067500,1840500
2024-03-23,7364000,1472800,3682000,2209200
2023-01-13,6801000,1360200,3400500,2040300
2024-03-21,2234000,446800,1117000,670200
2021-03-04,9039000,1807800,4519500,2711700
2023-12-22,8526000,1705200,4263000,2557800
2022-05-07,3946000,789200,1973000,1183800
2023-11-17,7336000,1467200,3668000,2200800
2022-08-24,1436000,287200,718000,430800
2023-06-16,6581000,1316200,3290500,1974300
2021-02-21,7991000,1598200,3995500,2397300
2024-06-25,5669000,1133800,2834500,1700700
2023-05-05,2604000,520800,1302000,781200
2023-10-28,8849000,1769800,4424500,2654700
2022-11-29,3281000,656200,1640500,984300
2021-10-26,147000,29400,73500,44100
2021-03-02,949000,189800,474500,284700
2023-04-14,822000,164400,411000,246600
2023-07-20,2967000,593400,1483500,890100
2021-01-28,141000,28200,70500,42300
2022-10-20,6322000,1264400,3161000,1896600
2021-09-01,6823000,1364600,3411500,2046900
2022-01-28,9548000,1909600,4774000,2864400
2024-10-07,442000,88400,221000,132600
2023-12-29,8158000,1631600,4079000,2447400
2022-02-15,1373000,274600,686500,411900
2024-12-14,7105000,1421000,3552500,2131500
2021-04-14,458000,91600,229000,137400
2022-08-12,8822000,1764400,4411000,2646600
2024-09-24,1502000,300400,751000,450600
2023-06-26,5128000,1025600,2564000,1538400
2023-05-02,6822000,1364400,3411000,2046600
2022-03-27,5591000,1118200,2795500,1677300
2024-03-06,6129000,1225800,3064500,1838700
2021-01-27,7308000,1461600,3654000,2192400
2021-07-03,601000,120200,300500,180300
2023-03-25,8813000,1762600,4406500,2643900
2022-04-20,1433000,286600,716500,429900
2023-07-20,6210000,1242000,3105000,1863000
2022-11-23,204000,40800,102000,61200
2023-05-14,5994000,1198800,2997000,1798200
2024-08-01,6670000,1334000,3335000,2001000
2023-02-21,7328000,1465600,3664000,2198400
2022-09-25,4994000,998800,2497000,1498200
2024-05-28,976000,195200,488000,292800
2021-12-07,9095000,1819000,4547500,2728500
2023-08-22,8893000,1778600,4446500,2667900
2023-09-21,8061000,1612200,4030500,2418300
2024-03-02,9883000,1976600,4941500,2964900
2024-05-10,9174000,1834800,4587000,2752200
2021-04-13,4495000,899000,2247500,1348500
2021-10-18,87000,17400,43500,26100
2021-10-18,9726000,1945200,4863000,2917800
2021-01-24,6686000,1337200,3343000,2005800
2022-11-15,2678000,535600,1339000,803400
2022-10-19,6422000,1284400,3211000,1926600
2021-10-13,3478000,695600,1739000,1043400
2024-08-23,318000,63600,159000,95400
2021-02-11,5959000,1191800,2979500,1787700
2023-06-30,7884000,1576800,3942000,2365200
2021-01-26,3233000,646600,1616500,969900
2024-08-23,1318000,263600,659000,395400
2021-06-19,7739000,1547800,3869500,2321700
2023-03-19,7097000,1419400,3548500,2129100
2022-09-15,6241000,1248200,3120500,1872300
2022-06-22,9476000,1895200,4738000,2842800
2023-11-21,6989000,1397800,3494500,2096700
2021-04-14,3634000,726800,1817000,1090200
2021-06-22,5668000,1133600,2834000,1700400
2024-09-24,8261000,1652200,4130500,2478300
2024-07-19,2180000,436000,1090000,654000
2024-08-23,9519000,1903800,4759500,2855700
2023-01-10,1086000,217200,543000,325800
2023-02-26,7387000,1477400,3693500,2216100
2021-07-13,8386000,1677200,4193000,2515800
2022-07-27,7878000,1575600,3939000,2363400
2021-03-15,903000,180600,451500,270900
2021-05-27,7916000,1583200,3958000,2374800
2024-05-27,6257000,1251400,3128500,1877100
2024-01-18,9610000,1922000,4805000,2883000
2023-02-23,2972000,594400,1486000,891600
2022-04-15,9051000,1810200,4525500,2715300
2023-03-29,1681000,336200,840500,504300
2023-05-15,5209000,1041800,2604500,1562700
2023-04-05,4784000,956800,2392000,1435200
2023-12-13,7805000,1561000,3902500,2341500
2024-12-04,6947000,1389400,3473500,2084100
2021-04-01,899000,179800,449500,269700
2024-02-09,2671000,534200,1335500,801300
2024-04-23,4896000,979200,2448000,1468800
2024-04-28,9531000,1906200,4765500,2859300
2024-02-25,5549000,1109800,2774500,1664700
2022-06-23,435000,87000,217500,130500
2021-08-23,2117000,423400,1058500,635100
2021-08-30,5363000,1072600,2681500,1608900
2022-08-09,1054000,210800,527000,316200
2023-05-23,2626000,525200,1313000,787800
2021-04-16,1875000,375000,937500,562500
2023-04-30,2347000,469400,1173500,704100
2024-09-15,3073000,614600,1536500,921900
2023-07-17,3195000,639000,1597500,958500
2024-01-28,6388000,1277600,3194000,1916400
2022-07-11,2094000,418800,1047000,628200
2022-12-26,2631000,526200,1315500,789300
2022-04-09,4513000,902600,2256500,1353900
