tanggal,pendapatan,tabungan,jumlah_pokok,jumlah_want
12/25/2022,1742000,348400,871000,522600
4/4/2023,7655000,1531000,3827500,2296500
10/13/2021,7678000,1535600,3839000,2303400
1/14/2021,5745000,1149000,2872500,1723500
3/16/2023,3405000,681000,1702500,1021500
12/7/2022,2625000,525000,1312500,787500
10/2/2023,4131000,826200,2065500,1239300
5/19/2023,4934000,986800,2467000,1480200
7/20/2023,3386000,677200,1693000,1015800
9/9/2022,340000,68000,170000,102000
2/23/2023,5618000,1123600,2809000,1685400
4/2/2021,2706000,541200,1353000,811800
11/28/2022,2928000,585600,1464000,878400
7/11/2021,2685000,537000,1342500,805500
3/3/2023,3748000,749600,1874000,1124400
8/9/2024,990000,198000,495000,297000
12/8/2022,8808000,1761600,4404000,2642400
11/1/2021,6791000,1358200,3395500,2037300
10/17/2022,9473000,1894600,4736500,2841900
7/25/2021,6426000,1285200,3213000,1927800
10/22/2024,8839000,1767800,4419500,2651700
7/31/2021,4005000,801000,2002500,1201500
6/22/2021,7996000,1599200,3998000,2398800
4/2/2024,8775000,1755000,4387500,2632500
4/14/2022,7471000,1494200,3735500,2241300
2/10/2021,6944000,1388800,3472000,2083200
1/12/2022,9197000,1839400,4598500,2759100
12/23/2022,5752000,1150400,2876000,1725600
7/27/2024,5294000,1058800,2647000,1588200
9/12/2024,5350000,1070000,2675000,1605000
1/11/2022,8665000,1733000,4332500,2599500
2/10/2024,9763000,1952600,4881500,2928900
6/5/2024,5962000,1192400,2981000,1788600
2/15/2024,2485000,497000,1242500,745500
10/12/2021,3482000,696400,1741000,1044600
10/4/2022,4130000,826000,2065000,1239000
2/13/2023,5978000,1195600,2989000,1793400
8/5/2024,8811000,1762200,4405500,2643300
8/25/2021,6893000,1378600,3446500,2067900
7/1/2023,3466000,693200,1733000,1039800
10/15/2023,9290000,1858000,4645000,2787000
8/12/2022,8981000,1796200,4490500,2694300
12/17/2022,8936000,1787200,4468000,2680800
4/17/2022,2089000,417800,1044500,626700
1/12/2023,356000,71200,178000,106800
5/6/2023,2905000,581000,1452500,871500
8/2/2023,3567000,713400,1783500,1070100
7/10/2023,9225000,1845000,4612500,2767500
10/8/2022,2585000,517000,1292500,775500
7/16/2024,8001000,1600200,4000500,2400300
7/19/2022,3099000,619800,1549500,929700
12/11/2022,8816000,1763200,4408000,2644800
12/7/2023,8691000,1738200,4345500,2607300
8/18/2023,4544000,908800,2272000,1363200
12/20/2023,939000,187800,469500,281700
6/26/2023,3369000,673800,1684500,1010700
10/29/2022,2469000,493800,1234500,740700
10/23/2024,4617000,923400,2308500,1385100
2/8/2021,7531000,1506200,3765500,2259300
4/14/2024,4584000,916800,2292000,1375200
10/22/2023,3273000,654600,1636500,981900
1/11/2022,4754000,950800,2377000,1426200
5/13/2023,2467000,493400,1233500,740100
11/7/2024,1724000,344800,862000,517200
11/5/2022,6154000,1230800,3077000,1846200
12/21/2022,7355000,1471000,3677500,2206500
3/23/2021,8335000,1667000,4167500,2500500
3/23/2021,758000,151600,379000,227400
1/26/2023,8462000,1692400,4231000,2538600
4/28/2023,2532000,506400,1266000,759600
10/12/2021,665000,133000,332500,199500
2/16/2022,2192000,438400,1096000,657600
12/2/2024,9580000,1916000,4790000,2874000
4/22/2021,2816000,563200,1408000,844800
5/19/2024,1917000,383400,958500,575100
1/17/2023,3657000,731400,1828500,1097100
5/27/2022,6770000,1354000,3385000,2031000
5/15/2023,441000,88200,220500,132300
9/24/2022,2115000,423000,1057500,634500
8/1/2022,7702000,1540400,3851000,2310600
8/29/2023,165000,33000,82500,49500
8/8/2023,1093000,218600,546500,327900
8/25/2022,6969000,1393800,3484500,2090700
1/21/2022,7934000,1586800,3967000,2380200
4/20/2023,2305000,461000,1152500,691500
11/12/2022,6523000,1304600,3261500,1956900
2/28/2022,8839000,1767800,4419500,2651700
8/22/2023,4971000,994200,2485500,1491300
11/15/2021,2322000,464400,1161000,696600
8/4/2023,7704000,1540800,3852000,2311200
10/16/2022,9367000,1873400,4683500,2810100
4/26/2021,4663000,932600,2331500,1398900
12/19/2021,8485000,1697000,4242500,2545500
8/31/2023,9829000,1965800,4914500,2948700
7/24/2022,315000,63000,157500,94500
8/24/2021,4702000,940400,2351000,1410600
2/10/2022,3225000,645000,1612500,967500
3/28/2023,8205000,1641000,4102500,2461500
1/31/2021,2849000,569800,1424500,854700
10/12/2024,2124000,424800,1062000,637200
10/28/2021,409000,81800,204500,122700
5/5/2024,8204000,1640800,4102000,2461200
6/15/2021,6734000,1346800,3367000,2020200
1/11/2024,9530000,1906000,4765000,2859000
7/29/2023,1742000,348400,871000,522600
9/23/2023,9686000,1937200,4843000,2905800
2/16/2021,1835000,367000,917500,550500
12/2/2024,2716000,543200,1358000,814800
10/13/2021,4103000,820600,2051500,1230900
11/15/2022,4066000,813200,2033000,1219800
10/30/2024,9275000,1855000,4637500,2782500
3/26/2022,3122000,624400,1561000,936600
11/19/2023,7211000,1442200,3605500,2163300
1/15/2022,7179000,1435800,3589500,2153700
4/9/2023,8016000,1603200,4008000,2404800
4/11/2021,7532000,1506400,3766000,2259600
9/22/2023,201000,40200,100500,60300
5/6/2024,8929000,1785800,4464500,2678700
6/2/2021,2162000,432400,1081000,648600
7/11/2022,7378000,1475600,3689000,2213400
6/16/2021,6383000,1276600,3191500,1914900
4/16/2024,7185000,1437000,3592500,2155500
2/19/2024,4297000,859400,2148500,1289100
1/16/2024,3491000,698200,1745500,1047300
1/19/2024,8820000,1764000,4410000,2646000
11/19/2022,8589000,1717800,4294500,2576700
2/24/2022,9424000,1884800,4712000,2827200
9/15/2023,6016000,1203200,3008000,1804800
3/8/2022,3160000,632000,1580000,948000
3/4/2022,2879000,575800,1439500,863700
10/23/2024,9912000,1982400,4956000,2973600
5/1/2023,6283000,1256600,3141500,1884900
9/20/2024,1844000,368800,922000,553200
1/27/2021,9224000,1844800,4612000,2767200
9/5/2022,3337000,667400,1668500,1001100
11/19/2021,7426000,1485200,3713000,2227800
6/11/2021,1838000,367600,919000,551400
5/7/2021,9963000,1992600,4981500,2988900
10/28/2022,3113000,622600,1556500,933900
1/23/2023,5529000,1105800,2764500,1658700
3/31/2021,7550000,1510000,3775000,2265000
6/6/2023,5422000,1084400,2711000,1626600
6/6/2022,750000,150000,375000,225000
2/15/2022,6078000,1215600,3039000,1823400
6/24/2023,734000,146800,367000,220200
5/5/2024,735000,147000,367500,220500
12/17/2023,577000,115400,288500,173100
1/28/2021,8241000,1648200,4120500,2472300
10/24/2021,5703000,1140600,2851500,1710900
11/16/2021,223000,44600,111500,66900
8/1/2021,2873000,574600,1436500,861900
12/27/2022,7415000,1483000,3707500,2224500
5/7/2023,7435000,1487000,3717500,2230500
2/26/2024,9730000,1946000,4865000,2919000
12/3/2021,923000,184600,461500,276900
11/19/2021,1605000,321000,802500,481500
8/21/2022,2222000,444400,1111000,666600
2/12/2023,7122000,1424400,3561000,2136600
10/4/2021,4414000,882800,2207000,1324200
7/16/2021,6535000,1307000,3267500,1960500
3/6/2022,9572000,1914400,4786000,2871600
10/17/2022,5400000,1080000,2700000,1620000
8/14/2024,9775000,1955000,4887500,2932500
7/19/2023,404000,80800,202000,121200
3/15/2023,9871000,1974200,4935500,2961300
4/26/2022,7479000,1495800,3739500,2243700
11/12/2023,1469000,293800,734500,440700
4/23/2023,1154000,230800,577000,346200
7/13/2023,3864000,772800,1932000,1159200
3/24/2022,9498000,1899600,4749000,2849400
12/2/2024,4793000,958600,2396500,1437900
1/5/2023,6109000,1221800,3054500,1832700
7/12/2022,9585000,1917000,4792500,2875500
8/1/2024,4466000,893200,2233000,1339800
8/22/2024,5295000,1059000,2647500,1588500
10/13/2021,394000,78800,197000,118200
6/26/2022,2760000,552000,1380000,828000
7/22/2022,9146000,1829200,4573000,2743800
7/5/2023,6065000,1213000,3032500,1819500
11/21/2024,1178000,235600,589000,353400
7/26/2023,6926000,1385200,3463000,2077800
11/28/2021,3357000,671400,1678500,1007100
12/8/2021,111000,22200,55500,33300
9/18/2021,5456000,1091200,2728000,1636800
12/11/2024,4344000,868800,2172000,1303200
8/10/2023,2859000,571800,1429500,857700
7/17/2024,2607000,521400,1303500,782100
9/18/2022,4748000,949600,2374000,1424400
12/10/2024,961000,192200,480500,288300
10/27/2022,3456000,691200,1728000,1036800
3/22/2022,7160000,1432000,3580000,2148000
12/22/2023,4944000,988800,2472000,1483200
10/23/2023,1900000,380000,950000,570000
2/4/2024,8800000,1760000,4400000,2640000
5/19/2021,5301000,1060200,2650500,1590300
4/29/2021,6350000,1270000,3175000,1905000
2/20/2024,9236000,1847200,4618000,2770800
8/14/2023,9882000,1976400,4941000,2964600
1/3/2023,5961000,1192200,2980500,1788300
6/21/2022,7185000,1437000,3592500,2155500
8/31/2022,5194000,1038800,2597000,1558200
8/20/2024,9582000,1916400,4791000,2874600
10/20/2022,2723000,544600,1361500,816900
10/29/2021,9199000,1839800,4599500,2759700
10/25/2024,7217000,1443400,3608500,2165100
6/24/2021,8203000,1640600,4101500,2460900
2/18/2024,7416000,1483200,3708000,2224800
1/4/2024,4005000,801000,2002500,1201500
10/21/2022,4268000,853600,2134000,1280400
4/17/2021,6419000,1283800,3209500,1925700
8/8/2022,474000,94800,237000,142200
12/30/2022,4811000,962200,2405500,1443300
5/8/2024,2894000,578800,1447000,868200
2/9/2023,7245000,1449000,3622500,2173500
12/24/2021,7350000,1470000,3675000,2205000
11/12/2024,4931000,986200,2465500,1479300
12/3/2023,3751000,750200,1875500,1125300
8/19/2024,7171000,1434200,3585500,2151300
4/13/2022,9286000,1857200,4643000,2785800
12/7/2022,5528000,1105600,2764000,1658400
3/15/2024,6627000,1325400,3313500,1988100
1/29/2024,5364000,1072800,2682000,1609200
10/22/2024,5073000,1014600,2536500,1521900
5/4/2023,3367000,673400,1683500,1010100
3/10/2021,7827000,1565400,3913500,2348100
6/11/2023,7978000,1595600,3989000,2393400
4/30/2024,9261000,1852200,4630500,2778300
8/31/2024,1770000,354000,885000,531000
9/17/2022,1562000,312400,781000,468600
7/9/2021,1407000,281400,703500,422100
3/2/2021,5871000,1174200,2935500,1761300
11/11/2021,3069000,613800,1534500,920700
4/26/2023,7604000,1520800,3802000,2281200
10/1/2024,8605000,1721000,4302500,2581500
8/6/2022,253000,50600,126500,75900
12/8/2022,8881000,1776200,4440500,2664300
9/21/2023,7260000,1452000,3630000,2178000
6/22/2021,531000,106200,265500,159300
3/29/2021,588000,117600,294000,176400
4/11/2024,8574000,1714800,4287000,2572200
9/8/2023,3271000,654200,1635500,981300
5/12/2023,4503000,900600,2251500,1350900
12/15/2022,3247000,649400,1623500,974100
10/6/2022,1131000,226200,565500,339300
11/24/2024,7406000,1481200,3703000,2221800
4/17/2021,9835000,1967000,4917500,2950500
12/25/2022,2134000,426800,1067000,640200
10/24/2024,5188000,1037600,2594000,1556400
10/16/2024,7410000,1482000,3705000,2223000
3/30/2021,3579000,715800,1789500,1073700
5/24/2022,7734000,1546800,3867000,2320200
8/22/2024,9992000,1998400,4996000,2997600
1/18/2021,7130000,1426000,3565000,2139000
3/4/2023,9678000,1935600,4839000,2903400
11/12/2024,6152000,1230400,3076000,1845600
8/27/2024,1791000,358200,895500,537300
1/18/2023,1738000,347600,869000,521400
10/6/2021,2834000,566800,1417000,850200
10/18/2023,5899000,1179800,2949500,1769700
11/16/2022,1226000,245200,613000,367800
1/18/2022,7285000,1457000,3642500,2185500
4/6/2021,827000,165400,413500,248100
6/15/2021,5014000,1002800,2507000,1504200
5/23/2021,6655000,1331000,3327500,1996500
10/21/2021,2748000,549600,1374000,824400
6/2/2024,6431000,1286200,3215500,1929300
5/9/2022,7462000,1492400,3731000,2238600
4/30/2022,3801000,760200,1900500,1140300
1/27/2024,6738000,1347600,3369000,2021400
9/26/2024,9094000,1818800,4547000,2728200
6/14/2021,2410000,482000,1205000,723000
1/7/2022,2075000,415000,1037500,622500
7/20/2023,4493000,898600,2246500,1347900
11/2/2023,9608000,1921600,4804000,2882400
1/23/2022,4825000,965000,2412500,1447500
9/6/2022,2528000,505600,1264000,758400
10/26/2021,5766000,1153200,2883000,1729800
4/6/2023,6738000,1347600,3369000,2021400
10/25/2023,189000,37800,94500,56700
4/21/2022,5363000,1072600,2681500,1608900
7/10/2022,8929000,1785800,4464500,2678700
8/4/2021,7739000,1547800,3869500,2321700
7/15/2023,8262000,1652400,4131000,2478600
3/23/2024,4663000,932600,2331500,1398900
2/6/2023,741000,148200,370500,222300
6/26/2021,2149000,429800,1074500,644700
10/26/2023,1767000,353400,883500,530100
9/20/2023,5669000,1133800,2834500,1700700
8/31/2023,1020000,204000,510000,306000
4/1/2024,1183000,236600,591500,354900
8/24/2024,8873000,1774600,4436500,2661900
9/5/2022,9416000,1883200,4708000,2824800
2/17/2023,7682000,1536400,3841000,2304600
8/4/2022,3950000,790000,1975000,1185000
9/17/2023,8010000,1602000,4005000,2403000
6/13/2023,7896000,1579200,3948000,2368800
9/7/2022,7809000,1561800,3904500,2342700
11/4/2023,5449000,1089800,2724500,1634700
11/12/2024,8932000,1786400,4466000,2679600
5/15/2024,2824000,564800,1412000,847200
12/7/2023,4953000,990600,2476500,1485900
6/25/2024,7250000,1450000,3625000,2175000
8/6/2021,1914000,382800,957000,574200
11/10/2021,2786000,557200,1393000,835800
10/9/2021,7563000,1512600,3781500,2268900
5/5/2021,222000,44400,111000,66600
8/6/2023,4645000,929000,2322500,1393500
12/1/2024,381000,76200,190500,114300
11/9/2022,4803000,960600,2401500,1440900
9/23/2023,6222000,1244400,3111000,1866600
8/16/2021,3527000,705400,1763500,1058100
3/15/2022,8086000,1617200,4043000,2425800
7/12/2022,9669000,1933800,4834500,2900700
6/14/2022,4483000,896600,2241500,1344900
7/23/2024,653000,130600,326500,195900
9/9/2021,2100000,420000,1050000,630000
1/13/2022,8782000,1756400,4391000,2634600
1/16/2023,7471000,1494200,3735500,2241300
8/5/2023,3678000,735600,1839000,1103400
2/27/2022,3875000,775000,1937500,1162500
7/20/2023,6432000,1286400,3216000,1929600
2/5/2021,1604000,320800,802000,481200
7/27/2021,9297000,1859400,4648500,2789100
11/16/2023,9582000,1916400,4791000,2874600
10/8/2024,1480000,296000,740000,444000
7/28/2022,790000,158000,395000,237000
11/15/2021,827000,165400,413500,248100
4/26/2022,9160000,1832000,4580000,2748000
4/15/2022,269000,53800,134500,80700
11/29/2021,8704000,1740800,4352000,2611200
4/3/2022,6799000,1359800,3399500,2039700
4/27/2022,5325000,1065000,2662500,1597500
6/13/2023,2265000,453000,1132500,679500
1/5/2023,7617000,1523400,3808500,2285100
3/4/2024,1518000,303600,759000,455400
11/15/2022,840000,168000,420000,252000
12/9/2021,1188000,237600,594000,356400
11/25/2022,1971000,394200,985500,591300
8/18/2021,6162000,1232400,3081000,1848600
11/28/2021,6010000,1202000,3005000,1803000
6/10/2022,4906000,981200,2453000,1471800
8/3/2023,2659000,531800,1329500,797700
2/26/2022,4483000,896600,2241500,1344900
10/24/2021,54000,10800,27000,16200
9/13/2024,6307000,1261400,3153500,1892100
8/22/2022,2661000,532200,1330500,798300
12/18/2022,5079000,1015800,2539500,1523700
2/21/2023,3460000,692000,1730000,1038000
1/13/2022,4097000,819400,2048500,1229100
4/26/2021,5995000,1199000,2997500,1798500
5/17/2021,1944000,388800,972000,583200
4/19/2023,8132000,1626400,4066000,2439600
1/28/2022,7757000,1551400,3878500,2327100
8/10/2022,1839000,367800,919500,551700
11/19/2023,2664000,532800,1332000,799200
12/3/2022,98000,19600,49000,29400
10/7/2024,9771000,1954200,4885500,2931300
11/3/2024,9009000,1801800,4504500,2702700
1/23/2023,3473000,694600,1736500,1041900
6/20/2022,6793000,1358600,3396500,2037900
9/1/2023,659000,131800,329500,197700
9/24/2021,8123000,1624600,4061500,2436900
8/21/2024,1445000,289000,722500,433500
6/3/2024,6938000,1387600,3469000,2081400
10/22/2024,7626000,1525200,3813000,2287800
1/20/2021,8312000,1662400,4156000,2493600
12/7/2024,523000,104600,261500,156900
3/19/2024,2873000,574600,1436500,861900
9/25/2022,4768000,953600,2384000,1430400
9/21/2023,9108000,1821600,4554000,2732400
8/10/2024,9959000,1991800,4979500,2987700
8/27/2022,4238000,847600,2119000,1271400
9/18/2024,8700000,1740000,4350000,2610000
8/14/2024,8027000,1605400,4013500,2408100
6/1/2022,1966000,393200,983000,589800
6/4/2021,2562000,512400,1281000,768600
10/12/2024,8164000,1632800,4082000,2449200
1/8/2023,1694000,338800,847000,508200
3/11/2022,2206000,441200,1103000,661800
12/18/2021,5436000,1087200,2718000,1630800
2/24/2023,5167000,1033400,2583500,1550100
11/28/2024,9576000,1915200,4788000,2872800
5/15/2024,1258000,251600,629000,377400
3/20/2023,9220000,1844000,4610000,2766000
9/22/2023,741000,148200,370500,222300
10/20/2023,5307000,1061400,2653500,1592100
4/7/2022,5826000,1165200,2913000,1747800
9/14/2024,2788000,557600,1394000,836400
5/6/2021,8922000,1784400,4461000,2676600
12/8/2023,2948000,589600,1474000,884400
2/16/2022,6629000,1325800,3314500,1988700
4/17/2021,7767000,1553400,3883500,2330100
10/16/2022,1821000,364200,910500,546300
7/3/2021,4970000,994000,2485000,1491000
7/21/2022,6700000,1340000,3350000,2010000
8/30/2022,3419000,683800,1709500,1025700
7/15/2022,6692000,1338400,3346000,2007600
7/6/2024,2276000,455200,1138000,682800
3/31/2022,7940000,1588000,3970000,2382000
6/6/2022,4424000,884800,2212000,1327200
1/7/2023,6770000,1354000,3385000,2031000
7/29/2021,1943000,388600,971500,582900
3/18/2021,9228000,1845600,4614000,2768400
10/26/2023,9756000,1951200,4878000,2926800
10/31/2024,7415000,1483000,3707500,2224500
5/13/2022,9465000,1893000,4732500,2839500
4/15/2023,1390000,278000,695000,417000
6/9/2021,5978000,1195600,2989000,1793400
8/14/2021,8522000,1704400,4261000,2556600
7/16/2024,67000,13400,33500,20100
7/3/2024,9511000,1902200,4755500,2853300
9/14/2022,8260000,1652000,4130000,2478000
4/9/2021,6059000,1211800,3029500,1817700
10/10/2021,5138000,1027600,2569000,1541400
11/16/2021,8728000,1745600,4364000,2618400
12/20/2023,4729000,945800,2364500,1418700
2/9/2023,5025000,1005000,2512500,1507500
3/31/2021,9841000,1968200,4920500,2952300
11/28/2024,5085000,1017000,2542500,1525500
11/11/2023,8733000,1746600,4366500,2619900
5/30/2022,690000,138000,345000,207000
4/25/2021,876000,175200,438000,262800
4/18/2023,6891000,1378200,3445500,2067300
5/18/2022,3948000,789600,1974000,1184400
12/17/2022,3348000,669600,1674000,1004400
4/26/2023,2683000,536600,1341500,804900
7/11/2024,2121000,424200,1060500,636300
6/29/2022,8571000,1714200,4285500,2571300
8/8/2024,3718000,743600,1859000,1115400
2/15/2024,9591000,1918200,4795500,2877300
2/11/2021,5185000,1037000,2592500,1555500
3/5/2024,4847000,969400,2423500,1454100
2/2/2024,3175000,635000,1587500,952500
11/10/2021,2094000,418800,1047000,628200
7/1/2022,3570000,714000,1785000,1071000
10/3/2023,4027000,805400,2013500,1208100
3/16/2022,2838000,567600,1419000,851400
3/10/2021,9630000,1926000,4815000,2889000
6/9/2023,1781000,356200,890500,534300
2/3/2021,3726000,745200,1863000,1117800
5/28/2021,4695000,939000,2347500,1408500
6/25/2022,2668000,533600,1334000,800400
9/30/2024,9130000,1826000,4565000,2739000
5/24/2023,3931000,786200,1965500,1179300
11/27/2022,5519000,1103800,2759500,1655700
5/1/2023,4285000,857000,2142500,1285500
12/13/2022,6598000,1319600,3299000,1979400
9/1/2022,3397000,679400,1698500,1019100
8/24/2024,9989000,1997800,4994500,2996700
5/1/2022,4319000,863800,2159500,1295700
10/30/2024,9442000,1888400,4721000,2832600
3/10/2022,6539000,1307800,3269500,1961700
6/16/2022,7515000,1503000,3757500,2254500
11/27/2022,4403000,880600,2201500,1320900
6/25/2023,1646000,329200,823000,493800
4/1/2023,4717000,943400,2358500,1415100
4/7/2022,9564000,1912800,4782000,2869200
6/22/2024,8715000,1743000,4357500,2614500
7/30/2021,5162000,1032400,2581000,1548600
1/19/2021,7711000,1542200,3855500,2313300
5/7/2022,8575000,1715000,4287500,2572500
8/16/2023,4936000,987200,2468000,1480800
8/31/2022,9782000,1956400,4891000,2934600
1/3/2024,9323000,1864600,4661500,2796900
7/3/2024,6691000,1338200,3345500,2007300
9/12/2024,8000000,1600000,4000000,2400000
11/26/2021,6230000,1246000,3115000,1869000
12/17/2021,1522000,304400,761000,456600
11/19/2023,1841000,368200,920500,552300
12/9/2021,1567000,313400,783500,470100
8/9/2021,9684000,1936800,4842000,2905200
7/20/2021,454000,90800,227000,136200
3/21/2023,8688000,1737600,4344000,2606400
7/22/2021,2282000,456400,1141000,684600
7/28/2021,6187000,1237400,3093500,1856100
2/26/2023,1206000,241200,603000,361800
5/25/2022,6586000,1317200,3293000,1975800
2/17/2024,2502000,500400,1251000,750600
12/26/2021,9717000,1943400,4858500,2915100
6/23/2024,1055000,211000,527500,316500
7/21/2023,5660000,1132000,2830000,1698000
9/6/2024,443000,88600,221500,132900
3/9/2024,9781000,1956200,4890500,2934300
8/3/2022,6315000,1263000,3157500,1894500
12/11/2023,9685000,1937000,4842500,2905500
10/15/2022,4542000,908400,2271000,1362600
11/21/2021,4152000,830400,2076000,1245600
4/2/2022,4779000,955800,2389500,1433700
5/31/2024,4152000,830400,2076000,1245600
4/15/2024,9383000,1876600,4691500,2814900
10/6/2022,9754000,1950800,4877000,2926200
3/29/2024,2035000,407000,1017500,610500
10/4/2024,5665000,1133000,2832500,1699500
10/3/2021,9759000,1951800,4879500,2927700
6/28/2021,5106000,1021200,2553000,1531800
5/5/2023,6930000,1386000,3465000,2079000
11/2/2022,829000,165800,414500,248700
5/22/2024,9889000,1977800,4944500,2966700
6/14/2022,8389000,1677800,4194500,2516700
3/31/2022,5922000,1184400,2961000,1776600
7/31/2022,3220000,644000,1610000,966000
2/12/2024,9510000,1902000,4755000,2853000
10/27/2024,7361000,1472200,3680500,2208300
12/11/2022,5372000,1074400,2686000,1611600
1/25/2022,1355000,271000,677500,406500
11/10/2022,3648000,729600,1824000,1094400
1/28/2024,8710000,1742000,4355000,2613000
7/26/2024,6739000,1347800,3369500,2021700
10/8/2022,1216000,243200,608000,364800
2/14/2023,5620000,1124000,2810000,1686000
6/24/2024,6464000,1292800,3232000,1939200
10/31/2024,4639000,927800,2319500,1391700
11/22/2022,4031000,806200,2015500,1209300
1/21/2024,409000,81800,204500,122700
11/10/2024,2993000,598600,1496500,897900
9/16/2021,4840000,968000,2420000,1452000
8/14/2024,2422000,484400,1211000,726600
6/15/2021,5044000,1008800,2522000,1513200
9/24/2023,163000,32600,81500,48900
2/2/2023,3956000,791200,1978000,1186800
10/8/2023,4489000,897800,2244500,1346700
6/7/2023,5389000,1077800,2694500,1616700
7/30/2023,9701000,1940200,4850500,2910300
9/12/2021,2823000,564600,1411500,846900
10/23/2024,7124000,1424800,3562000,2137200
10/17/2022,4943000,988600,2471500,1482900
11/11/2021,3913000,782600,1956500,1173900
4/30/2023,1317000,263400,658500,395100
12/25/2023,9771000,1954200,4885500,2931300
11/28/2023,5863000,1172600,2931500,1758900
1/17/2021,8183000,1636600,4091500,2454900
3/13/2023,4203000,840600,2101500,1260900
6/29/2021,6099000,1219800,3049500,1829700
3/17/2022,6813000,1362600,3406500,2043900
11/24/2024,5835000,1167000,2917500,1750500
2/4/2021,715000,143000,357500,214500
10/22/2023,4859000,971800,2429500,1457700
8/20/2023,7427000,1485400,3713500,2228100
6/12/2023,5203000,1040600,2601500,1560900
9/1/2023,3232000,646400,1616000,969600
1/28/2024,2205000,441000,1102500,661500
4/24/2021,8466000,1693200,4233000,2539800
4/9/2024,9644000,1928800,4822000,2893200
9/27/2022,906000,181200,453000,271800
11/19/2023,8761000,1752200,4380500,2628300
9/18/2022,4248000,849600,2124000,1274400
7/27/2024,8810000,1762000,4405000,2643000
8/29/2021,4444000,888800,2222000,1333200
5/10/2021,8656000,1731200,4328000,2596800
9/21/2021,8403000,1680600,4201500,2520900
3/11/2024,295000,59000,147500,88500
1/17/2023,7220000,1444000,3610000,2166000
9/24/2022,747000,149400,373500,224100
10/24/2024,9540000,1908000,4770000,2862000
6/4/2023,2183000,436600,1091500,654900
2/28/2023,8098000,1619600,4049000,2429400
8/7/2023,552000,110400,276000,165600
7/18/2023,7567000,1513400,3783500,2270100
2/6/2024,404000,80800,202000,121200
9/27/2021,1120000,224000,560000,336000
10/19/2022,3616000,723200,1808000,1084800
3/7/2024,8829000,1765800,4414500,2648700
10/15/2024,2862000,572400,1431000,858600
11/21/2021,2752000,550400,1376000,825600
8/7/2024,2762000,552400,1381000,828600
11/8/2024,2308000,461600,1154000,692400
11/2/2024,7538000,1507600,3769000,2261400
2/6/2024,2417000,483400,1208500,725100
10/19/2021,6447000,1289400,3223500,1934100
1/12/2023,485000,97000,242500,145500
1/25/2024,5883000,1176600,2941500,1764900
10/11/2023,1500000,300000,750000,450000
4/11/2023,5505000,1101000,2752500,1651500
8/8/2021,5759000,1151800,2879500,1727700
3/2/2021,2205000,441000,1102500,661500
3/23/2023,3813000,762600,1906500,1143900
12/9/2023,946000,189200,473000,283800
2/7/2022,1099000,219800,549500,329700
10/19/2023,7233000,1446600,3616500,2169900
1/13/2024,7449000,1489800,3724500,2234700
4/17/2023,9415000,1883000,4707500,2824500
12/19/2022,6363000,1272600,3181500,1908900
11/21/2021,5235000,1047000,2617500,1570500
2/23/2021,2121000,424200,1060500,636300
4/2/2022,960000,192000,480000,288000
6/20/2024,4867000,973400,2433500,1460100
12/18/2022,5093000,1018600,2546500,1527900
4/4/2021,9999000,1999800,4999500,2999700
5/30/2021,9616000,1923200,4808000,2884800
10/22/2024,3407000,681400,1703500,1022100
6/15/2021,7714000,1542800,3857000,2314200
3/15/2022,84000,16800,42000,25200
10/17/2022,2916000,583200,1458000,874800
12/26/2021,2281000,456200,1140500,684300
11/1/2024,7438000,1487600,3719000,2231400
10/31/2024,3844000,768800,1922000,1153200
11/5/2022,9410000,1882000,4705000,2823000
10/15/2023,7018000,1403600,3509000,2105400
8/17/2024,2266000,453200,1133000,679800
1/23/2022,5380000,1076000,2690000,1614000
8/1/2022,7211000,1442200,3605500,2163300
6/30/2021,8179000,1635800,4089500,2453700
3/26/2021,768000,153600,384000,230400
3/16/2021,4865000,973000,2432500,1459500
8/7/2021,5683000,1136600,2841500,1704900
12/4/2022,9103000,1820600,4551500,2730900
10/30/2022,3150000,630000,1575000,945000
9/2/2021,8582000,1716400,4291000,2574600
10/19/2021,7546000,1509200,3773000,2263800
9/24/2021,2206000,441200,1103000,661800
4/1/2023,4093000,818600,2046500,1227900
9/9/2022,4520000,904000,2260000,1356000
2/22/2022,8913000,1782600,4456500,2673900
11/1/2023,7114000,1422800,3557000,2134200
9/23/2023,8849000,1769800,4424500,2654700
2/26/2022,4880000,976000,2440000,1464000
4/17/2023,3501000,700200,1750500,1050300
10/25/2024,6571000,1314200,3285500,1971300
4/20/2021,1470000,294000,735000,441000
5/4/2024,7061000,1412200,3530500,2118300
12/26/2021,5563000,1112600,2781500,1668900
10/26/2022,4970000,994000,2485000,1491000
1/15/2023,4730000,946000,2365000,1419000
1/12/2023,2604000,520800,1302000,781200
1/24/2023,7941000,1588200,3970500,2382300
11/22/2021,6034000,1206800,3017000,1810200
4/17/2023,6197000,1239400,3098500,1859100
10/17/2024,6210000,1242000,3105000,1863000
8/18/2022,6686000,1337200,3343000,2005800
3/25/2023,7725000,1545000,3862500,2317500
5/20/2021,3857000,771400,1928500,1157100
2/23/2021,151000,30200,75500,45300
1/5/2023,1931000,386200,965500,579300
2/14/2022,8273000,1654600,4136500,2481900
4/5/2021,2025000,405000,1012500,607500
10/8/2023,4400000,880000,2200000,1320000
4/5/2022,948000,189600,474000,284400
3/12/2023,3301000,660200,1650500,990300
3/17/2024,9491000,1898200,4745500,2847300
2/9/2021,1556000,311200,778000,466800
11/6/2023,7143000,1428600,3571500,2142900
10/16/2024,3451000,690200,1725500,1035300
9/30/2021,2779000,555800,1389500,833700
3/17/2021,9120000,1824000,4560000,2736000
1/24/2021,8371000,1674200,4185500,2511300
12/12/2023,6611000,1322200,3305500,1983300
8/4/2022,8652000,1730400,4326000,2595600
7/18/2024,6692000,1338400,3346000,2007600
7/6/2024,7577000,1515400,3788500,2273100
10/20/2022,8842000,1768400,4421000,2652600
4/5/2023,102000,20400,51000,30600
5/3/2021,6965000,1393000,3482500,2089500
7/7/2023,1898000,379600,949000,569400
8/28/2023,9110000,1822000,4555000,2733000
3/4/2022,487000,97400,243500,146100
9/28/2024,7611000,1522200,3805500,2283300
2/17/2023,1486000,297200,743000,445800
5/12/2023,6835000,1367000,3417500,2050500
3/12/2022,6883000,1376600,3441500,2064900
7/20/2023,4073000,814600,2036500,1221900
9/29/2023,3671000,734200,1835500,1101300
6/18/2022,6530000,1306000,3265000,1959000
9/16/2024,9096000,1819200,4548000,2728800
2/23/2023,558000,111600,279000,167400
9/30/2023,2394000,478800,1197000,718200
2/4/2023,7671000,1534200,3835500,2301300
2/3/2023,7284000,1456800,3642000,2185200
6/29/2023,4066000,813200,2033000,1219800
2/22/2022,251000,50200,125500,75300
5/22/2021,6326000,1265200,3163000,1897800
11/17/2024,2581000,516200,1290500,774300
7/26/2023,6370000,1274000,3185000,1911000
2/28/2021,350000,70000,175000,105000
6/14/2023,7176000,1435200,3588000,2152800
2/22/2021,9978000,1995600,4989000,2993400
9/27/2024,1998000,399600,999000,599400
6/24/2022,3472000,694400,1736000,1041600
11/26/2023,3694000,738800,1847000,1108200
7/23/2022,4921000,984200,2460500,1476300
7/9/2024,7929000,1585800,3964500,2378700
4/12/2022,4107000,821400,2053500,1232100
8/11/2021,9431000,1886200,4715500,2829300
9/24/2023,3382000,676400,1691000,1014600
11/3/2021,2646000,529200,1323000,793800
9/6/2022,1716000,343200,858000,514800
9/4/2024,9749000,1949800,4874500,2924700
12/2/2022,3678000,735600,1839000,1103400
10/26/2024,298000,59600,149000,89400
12/15/2022,9422000,1884400,4711000,2826600
4/6/2022,7843000,1568600,3921500,2352900
3/6/2021,8378000,1675600,4189000,2513400
7/28/2023,1786000,357200,893000,535800
5/20/2023,4208000,841600,2104000,1262400
4/24/2024,1064000,212800,532000,319200
1/6/2024,252000,50400,126000,75600
10/28/2024,1693000,338600,846500,507900
6/11/2024,7514000,1502800,3757000,2254200
8/16/2024,2352000,470400,1176000,705600
1/30/2023,4386000,877200,2193000,1315800
7/5/2022,8652000,1730400,4326000,2595600
7/28/2024,2770000,554000,1385000,831000
7/4/2021,3799000,759800,1899500,1139700
7/11/2023,6292000,1258400,3146000,1887600
4/22/2024,2581000,516200,1290500,774300
3/21/2023,6160000,1232000,3080000,1848000
12/23/2021,5620000,1124000,2810000,1686000
12/13/2024,7424000,1484800,3712000,2227200
9/6/2024,2747000,549400,1373500,824100
5/13/2022,9264000,1852800,4632000,2779200
4/23/2021,8546000,1709200,4273000,2563800
8/13/2023,2832000,566400,1416000,849600
10/13/2023,8239000,1647800,4119500,2471700
9/16/2022,6393000,1278600,3196500,1917900
3/18/2024,726000,145200,363000,217800
3/24/2023,4944000,988800,2472000,1483200
5/3/2021,9864000,1972800,4932000,2959200
11/8/2023,2395000,479000,1197500,718500
8/17/2022,3178000,635600,1589000,953400
2/7/2024,9338000,1867600,4669000,2801400
11/22/2023,1618000,323600,809000,485400
10/27/2022,4313000,862600,2156500,1293900
8/30/2021,1609000,321800,804500,482700
7/25/2024,2929000,585800,1464500,878700
5/22/2021,2661000,532200,1330500,798300
11/9/2024,8296000,1659200,4148000,2488800
12/22/2023,1697000,339400,848500,509100
8/24/2024,5704000,1140800,2852000,1711200
10/11/2024,3475000,695000,1737500,1042500
3/3/2023,7605000,1521000,3802500,2281500
6/16/2023,1532000,306400,766000,459600
10/10/2024,5732000,1146400,2866000,1719600
2/24/2022,1262000,252400,631000,378600
1/18/2022,6878000,1375600,3439000,2063400
7/9/2023,9938000,1987600,4969000,2981400
2/17/2021,5399000,1079800,2699500,1619700
3/3/2023,8271000,1654200,4135500,2481300
1/18/2022,8037000,1607400,4018500,2411100
4/25/2022,5278000,1055600,2639000,1583400
12/7/2022,1088000,217600,544000,326400
3/11/2022,778000,155600,389000,233400
5/25/2022,2051000,410200,1025500,615300
6/20/2024,7479000,1495800,3739500,2243700
9/28/2022,3046000,609200,1523000,913800
2/2/2021,1704000,340800,852000,511200
12/14/2022,5979000,1195800,2989500,1793700
3/18/2021,2949000,589800,1474500,884700
10/30/2022,6267000,1253400,3133500,1880100
1/31/2023,7013000,1402600,3506500,2103900
1/8/2024,6651000,1330200,3325500,1995300
3/23/2021,6823000,1364600,3411500,2046900
4/28/2023,6816000,1363200,3408000,2044800
11/30/2024,8429000,1685800,4214500,2528700
10/9/2024,4180000,836000,2090000,1254000
4/10/2022,1561000,312200,780500,468300
1/30/2021,8793000,1758600,4396500,2637900
7/9/2021,7362000,1472400,3681000,2208600
3/10/2021,317000,63400,158500,95100
4/20/2022,5581000,1116200,2790500,1674300
6/4/2024,7970000,1594000,3985000,2391000
3/13/2021,501000,100200,250500,150300
1/6/2023,9785000,1957000,4892500,2935500
7/3/2021,5177000,1035400,2588500,1553100
8/2/2022,8731000,1746200,4365500,2619300
8/30/2022,8920000,1784000,4460000,2676000
2/4/2024,3970000,794000,1985000,1191000
3/14/2022,832000,166400,416000,249600
4/10/2022,9721000,1944200,4860500,2916300
12/15/2022,1239000,247800,619500,371700
12/11/2023,5047000,1009400,2523500,1514100
2/2/2024,3812000,762400,1906000,1143600
12/2/2024,2435000,487000,1217500,730500
11/30/2022,4560000,912000,2280000,1368000
6/24/2023,1884000,376800,942000,565200
5/19/2022,1389000,277800,694500,416700
7/24/2022,7061000,1412200,3530500,2118300
2/21/2023,1713000,342600,856500,513900
10/29/2024,6922000,1384400,3461000,2076600
8/31/2024,8420000,1684000,4210000,2526000
11/10/2023,3549000,709800,1774500,1064700
5/25/2021,3898000,779600,1949000,1169400
8/7/2021,9737000,1947400,4868500,2921100
4/7/2023,1061000,212200,530500,318300
11/1/2022,1588000,317600,794000,476400
3/31/2021,6425000,1285000,3212500,1927500
12/16/2021,8351000,1670200,4175500,2505300
3/12/2024,3801000,760200,1900500,1140300
8/24/2022,7834000,1566800,3917000,2350200
1/24/2024,6438000,1287600,3219000,1931400
3/31/2021,1394000,278800,697000,418200
2/5/2023,1544000,308800,772000,463200
10/30/2021,7661000,1532200,3830500,2298300
5/22/2022,1129000,225800,564500,338700
11/15/2022,9617000,1923400,4808500,2885100
5/4/2024,4543000,908600,2271500,1362900
1/9/2024,4707000,941400,2353500,1412100
9/27/2023,4774000,954800,2387000,1432200
8/13/2023,2254000,450800,1127000,676200
12/17/2023,1336000,267200,668000,400800
1/4/2022,4516000,903200,2258000,1354800
3/9/2023,8664000,1732800,4332000,2599200
2/26/2022,6510000,1302000,3255000,1953000
9/23/2023,398000,79600,199000,119400
9/28/2024,1169000,233800,584500,350700
9/26/2024,312000,62400,156000,93600
5/5/2024,6409000,1281800,3204500,1922700
9/29/2024,8210000,1642000,4105000,2463000
11/27/2022,666000,133200,333000,199800
12/26/2022,986000,197200,493000,295800
5/16/2021,4408000,881600,2204000,1322400
5/22/2022,5674000,1134800,2837000,1702200
11/21/2022,6085000,1217000,3042500,1825500
7/2/2022,5573000,1114600,2786500,1671900
2/2/2024,3490000,698000,1745000,1047000
6/15/2021,8070000,1614000,4035000,2421000
1/26/2022,4258000,851600,2129000,1277400
4/1/2023,4651000,930200,2325500,1395300
10/16/2022,6244000,1248800,3122000,1873200
4/11/2024,5883000,1176600,2941500,1764900
3/31/2024,6747000,1349400,3373500,2024100
6/6/2021,7150000,1430000,3575000,2145000
11/7/2022,7647000,1529400,3823500,2294100
5/22/2021,8463000,1692600,4231500,2538900
8/31/2021,9109000,1821800,4554500,2732700
8/19/2024,1585000,317000,792500,475500
9/28/2023,6512000,1302400,3256000,1953600
7/3/2024,7494000,1498800,3747000,2248200
1/24/2023,9398000,1879600,4699000,2819400
6/27/2024,2219000,443800,1109500,665700
6/11/2022,2178000,435600,1089000,653400
10/17/2024,3313000,662600,1656500,993900
3/3/2024,7402000,1480400,3701000,2220600
4/19/2024,7809000,1561800,3904500,2342700
9/19/2021,1691000,338200,845500,507300
2/1/2024,1910000,382000,955000,573000
9/28/2024,6158000,1231600,3079000,1847400
7/13/2022,9818000,1963600,4909000,2945400
1/30/2021,6897000,1379400,3448500,2069100
12/5/2022,6332000,1266400,3166000,1899600
5/22/2021,7639000,1527800,3819500,2291700
12/23/2021,2590000,518000,1295000,777000
6/15/2023,2028000,405600,1014000,608400
12/22/2023,9914000,1982800,4957000,2974200
3/28/2024,2723000,544600,1361500,816900
2/29/2024,6850000,1370000,3425000,2055000
4/11/2021,7720000,1544000,3860000,2316000
5/3/2024,8032000,1606400,4016000,2409600
4/5/2023,8700000,1740000,4350000,2610000
9/25/2022,8169000,1633800,4084500,2450700
3/4/2022,2779000,555800,1389500,833700
3/13/2023,3880000,776000,1940000,1164000
11/13/2023,2010000,402000,1005000,603000
5/8/2024,333000,66600,166500,99900
4/1/2021,9928000,1985600,4964000,2978400
5/14/2022,9806000,1961200,4903000,2941800
12/2/2023,5669000,1133800,2834500,1700700
11/7/2024,5280000,1056000,2640000,1584000
8/8/2021,9306000,1861200,4653000,2791800
4/27/2021,1345000,269000,672500,403500
6/8/2023,2077000,415400,1038500,623100
1/29/2022,6127000,1225400,3063500,1838100
9/7/2024,6936000,1387200,3468000,2080800
11/26/2024,2812000,562400,1406000,843600
5/10/2024,104000,20800,52000,31200
11/25/2024,6122000,1224400,3061000,1836600
11/4/2023,5841000,1168200,2920500,1752300
5/5/2023,5759000,1151800,2879500,1727700
12/21/2021,5705000,1141000,2852500,1711500
8/3/2023,6621000,1324200,3310500,1986300
8/3/2022,5504000,1100800,2752000,1651200
2/11/2021,2023000,404600,1011500,606900
3/21/2023,3875000,775000,1937500,1162500
8/30/2024,628000,125600,314000,188400
4/23/2021,5282000,1056400,2641000,1584600
9/15/2024,2741000,548200,1370500,822300
11/18/2021,480000,96000,240000,144000
9/25/2024,3734000,746800,1867000,1120200
12/18/2022,472000,94400,236000,141600
1/3/2024,8722000,1744400,4361000,2616600
4/29/2021,7276000,1455200,3638000,2182800
9/19/2022,3754000,750800,1877000,1126200
2/3/2024,663000,132600,331500,198900
1/4/2022,8021000,1604200,4010500,2406300
6/16/2024,8325000,1665000,4162500,2497500
1/10/2024,7762000,1552400,3881000,2328600
2/12/2022,4047000,809400,2023500,1214100
6/7/2022,3586000,717200,1793000,1075800
7/23/2023,8164000,1632800,4082000,2449200
7/11/2024,2178000,435600,1089000,653400
9/13/2021,3569000,713800,1784500,1070700
10/1/2023,3041000,608200,1520500,912300
4/6/2024,9826000,1965200,4913000,2947800
7/21/2022,2728000,545600,1364000,818400
3/24/2023,8021000,1604200,4010500,2406300
4/22/2022,466000,93200,233000,139800
11/27/2022,8988000,1797600,4494000,2696400
3/11/2023,7970000,1594000,3985000,2391000
3/5/2023,3790000,758000,1895000,1137000
11/29/2023,7281000,1456200,3640500,2184300
6/23/2021,8333000,1666600,4166500,2499900
11/16/2022,6537000,1307400,3268500,1961100
3/2/2023,8362000,1672400,4181000,2508600
2/12/2021,8452000,1690400,4226000,2535600
8/30/2021,9267000,1853400,4633500,2780100
4/2/2024,3136000,627200,1568000,940800
8/26/2023,3462000,692400,1731000,1038600
11/23/2024,7874000,1574800,3937000,2362200
2/8/2021,4639000,927800,2319500,1391700
1/30/2024,8278000,1655600,4139000,2483400
12/19/2023,1836000,367200,918000,550800
6/23/2021,1712000,342400,856000,513600
6/30/2021,4106000,821200,2053000,1231800
11/25/2021,9910000,1982000,4955000,2973000
7/11/2023,4253000,850600,2126500,1275900
10/1/2024,1314000,262800,657000,394200
1/23/2024,8546000,1709200,4273000,2563800
2/15/2024,1512000,302400,756000,453600
5/11/2023,8455000,1691000,4227500,2536500
8/26/2022,8263000,1652600,4131500,2478900
7/29/2021,5579000,1115800,2789500,1673700
4/6/2022,2534000,506800,1267000,760200
6/22/2024,9023000,1804600,4511500,2706900
2/7/2022,2790000,558000,1395000,837000
3/11/2022,3693000,738600,1846500,1107900
3/7/2022,8578000,1715600,4289000,2573400
3/24/2024,4016000,803200,2008000,1204800
1/24/2022,8185000,1637000,4092500,2455500
3/13/2021,4206000,841200,2103000,1261800
9/11/2022,4961000,992200,2480500,1488300
9/14/2021,3359000,671800,1679500,1007700
9/18/2022,6543000,1308600,3271500,1962900
1/21/2023,8319000,1663800,4159500,2495700
10/11/2023,4019000,803800,2009500,1205700
6/11/2021,9549000,1909800,4774500,2864700
8/28/2022,4145000,829000,2072500,1243500
5/12/2022,8292000,1658400,4146000,2487600
3/17/2023,4956000,991200,2478000,1486800
12/8/2024,334000,66800,167000,100200
7/17/2023,9154000,1830800,4577000,2746200
5/18/2023,557000,111400,278500,167100
5/30/2021,6262000,1252400,3131000,1878600
6/28/2022,9801000,1960200,4900500,2940300
5/18/2022,9560000,1912000,4780000,2868000
12/28/2023,3247000,649400,1623500,974100
7/17/2023,620000,124000,310000,186000
8/1/2022,1582000,316400,791000,474600
2/18/2024,792000,158400,396000,237600
6/17/2021,4529000,905800,2264500,1358700
11/26/2021,1572000,314400,786000,471600
12/11/2021,1327000,265400,663500,398100
9/1/2021,1117000,223400,558500,335100
8/10/2022,7654000,1530800,3827000,2296200
8/15/2023,6418000,1283600,3209000,1925400
12/11/2021,809000,161800,404500,242700
5/16/2021,3281000,656200,1640500,984300
8/4/2023,4579000,915800,2289500,1373700
4/22/2024,2922000,584400,1461000,876600
12/12/2024,1047000,209400,523500,314100
9/17/2022,5367000,1073400,2683500,1610100
4/16/2021,2629000,525800,1314500,788700
5/4/2024,4088000,817600,2044000,1226400
11/8/2021,3053000,610600,1526500,915900
3/1/2022,4836000,967200,2418000,1450800
11/10/2024,3787000,757400,1893500,1136100
6/8/2023,255000,51000,127500,76500
3/14/2024,8309000,1661800,4154500,2492700
1/19/2024,9718000,1943600,4859000,2915400
4/12/2021,3837000,767400,1918500,1151100
2/21/2024,2110000,422000,1055000,633000
5/29/2022,1613000,322600,806500,483900
5/11/2023,722000,144400,361000,216600
10/21/2021,4141000,828200,2070500,1242300
4/19/2024,4886000,977200,2443000,1465800
4/4/2021,2198000,439600,1099000,659400
12/25/2023,4502000,900400,2251000,1350600
11/10/2022,4009000,801800,2004500,1202700
3/21/2024,6920000,1384000,3460000,2076000
8/5/2021,8667000,1733400,4333500,2600100
8/29/2022,1812000,362400,906000,543600
3/22/2024,1678000,335600,839000,503400
3/23/2023,2418000,483600,1209000,725400
3/12/2022,7393000,1478600,3696500,2217900
12/19/2022,1183000,236600,591500,354900
1/16/2022,2289000,457800,1144500,686700
1/13/2024,3876000,775200,1938000,1162800
5/20/2023,7401000,1480200,3700500,2220300
10/9/2023,7042000,1408400,3521000,2112600
11/12/2021,9050000,1810000,4525000,2715000
11/14/2024,1377000,275400,688500,413100
5/24/2021,7292000,1458400,3646000,2187600
7/6/2022,2287000,457400,1143500,686100
10/14/2022,7240000,1448000,3620000,2172000
5/24/2023,7433000,1486600,3716500,2229900
3/23/2023,1768000,353600,884000,530400
8/5/2024,4999000,999800,2499500,1499700
2/11/2022,6363000,1272600,3181500,1908900
11/28/2024,9997000,1999400,4998500,2999100
2/25/2023,5394000,1078800,2697000,1618200
4/2/2021,8370000,1674000,4185000,2511000
12/1/2023,2891000,578200,1445500,867300
7/7/2022,3485000,697000,1742500,1045500
3/31/2022,2271000,454200,1135500,681300
6/29/2021,8621000,1724200,4310500,2586300
3/3/2024,6207000,1241400,3103500,1862100
4/8/2022,3163000,632600,1581500,948900
4/5/2024,3037000,607400,1518500,911100
4/7/2021,5072000,1014400,2536000,1521600
8/11/2022,2765000,553000,1382500,829500
6/3/2024,7755000,1551000,3877500,2326500
5/16/2024,7283000,1456600,3641500,2184900
10/23/2021,688000,137600,344000,206400
4/22/2024,2040000,408000,1020000,612000
6/13/2022,5939000,1187800,2969500,1781700
2/28/2023,6609000,1321800,3304500,1982700
4/1/2022,7798000,1559600,3899000,2339400
8/23/2021,4352000,870400,2176000,1305600
10/17/2024,5391000,1078200,2695500,1617300
11/27/2022,3205000,641000,1602500,961500
8/5/2024,9916000,1983200,4958000,2974800
4/25/2021,3242000,648400,1621000,972600
10/29/2022,9458000,1891600,4729000,2837400
1/3/2022,3914000,782800,1957000,1174200
11/11/2022,9888000,1977600,4944000,2966400
8/14/2023,7320000,1464000,3660000,2196000
5/5/2024,3618000,723600,1809000,1085400
11/12/2024,2751000,550200,1375500,825300
7/23/2021,2924000,584800,1462000,877200
1/1/2022,1779000,355800,889500,533700
8/20/2022,7711000,1542200,3855500,2313300
6/5/2021,7462000,1492400,3731000,2238600
7/2/2022,6304000,1260800,3152000,1891200
7/3/2024,9604000,1920800,4802000,2881200
4/4/2022,7901000,1580200,3950500,2370300
1/31/2024,6817000,1363400,3408500,2045100
10/19/2023,5508000,1101600,2754000,1652400
12/5/2021,9086000,1817200,4543000,2725800
3/21/2021,9968000,1993600,4984000,2990400
11/19/2021,733000,146600,366500,219900
2/17/2021,184000,36800,92000,55200
4/19/2024,2303000,460600,1151500,690900
10/23/2022,6999000,1399800,3499500,2099700
3/27/2024,657000,131400,328500,197100
10/7/2022,1508000,301600,754000,452400
6/22/2021,881000,176200,440500,264300
1/12/2023,104000,20800,52000,31200
5/19/2024,5568000,1113600,2784000,1670400
1/24/2021,4313000,862600,2156500,1293900
12/11/2023,4300000,860000,2150000,1290000
5/26/2022,7791000,1558200,3895500,2337300
3/24/2022,8153000,1630600,4076500,2445900
9/26/2022,1609000,321800,804500,482700
11/28/2021,2201000,440200,1100500,660300
2/3/2022,6052000,1210400,3026000,1815600
5/25/2023,5309000,1061800,2654500,1592700
12/10/2021,1641000,328200,820500,492300
6/12/2022,1987000,397400,993500,596100
8/15/2024,1189000,237800,594500,356700
4/13/2023,5997000,1199400,2998500,1799100
2/22/2023,2221000,444200,1110500,666300
4/16/2024,9930000,1986000,4965000,2979000
2/12/2021,1312000,262400,656000,393600
11/25/2022,5191000,1038200,2595500,1557300
4/15/2023,5289000,1057800,2644500,1586700
12/18/2022,7095000,1419000,3547500,2128500
12/1/2024,2299000,459800,1149500,689700
5/17/2022,2443000,488600,1221500,732900
4/1/2024,8062000,1612400,4031000,2418600
3/16/2023,3424000,684800,1712000,1027200
12/4/2022,1515000,303000,757500,454500
3/26/2024,7194000,1438800,3597000,2158200
3/12/2023,8929000,1785800,4464500,2678700
3/5/2021,864000,172800,432000,259200
9/21/2022,9259000,1851800,4629500,2777700
3/24/2021,4621000,924200,2310500,1386300
6/4/2023,8021000,1604200,4010500,2406300
10/20/2023,7691000,1538200,3845500,2307300
11/24/2024,1338000,267600,669000,401400
4/13/2022,1311000,262200,655500,393300
4/23/2021,5728000,1145600,2864000,1718400
12/14/2024,5113000,1022600,2556500,1533900
3/23/2023,8797000,1759400,4398500,2639100
2/28/2021,3802000,760400,1901000,1140600
11/23/2023,9567000,1913400,4783500,2870100
5/11/2023,8504000,1700800,4252000,2551200
4/25/2024,6054000,1210800,3027000,1816200
8/3/2022,8789000,1757800,4394500,2636700
7/3/2023,4343000,868600,2171500,1302900
2/2/2023,5802000,1160400,2901000,1740600
5/8/2022,6782000,1356400,3391000,2034600
1/18/2024,7385000,1477000,3692500,2215500
4/15/2021,2041000,408200,1020500,612300
4/30/2023,3473000,694600,1736500,1041900
5/21/2024,3715000,743000,1857500,1114500
11/3/2024,588000,117600,294000,176400
12/21/2022,6063000,1212600,3031500,1818900
5/24/2021,6081000,1216200,3040500,1824300
10/14/2023,5062000,1012400,2531000,1518600
2/15/2021,2474000,494800,1237000,742200
12/9/2021,854000,170800,427000,256200
12/17/2024,6495000,1299000,3247500,1948500
6/27/2022,8392000,1678400,4196000,2517600
10/10/2021,5686000,1137200,2843000,1705800
4/10/2022,170000,34000,85000,51000
10/17/2022,6145000,1229000,3072500,1843500
2/10/2021,4126000,825200,2063000,1237800
4/7/2023,5608000,1121600,2804000,1682400
12/4/2024,7580000,1516000,3790000,2274000
10/6/2022,9419000,1883800,4709500,2825700
7/3/2024,5593000,1118600,2796500,1677900
11/1/2021,2034000,406800,1017000,610200
2/19/2021,2834000,566800,1417000,850200
4/5/2021,5144000,1028800,2572000,1543200
11/5/2022,5091000,1018200,2545500,1527300
10/13/2023,9714000,1942800,4857000,2914200
8/8/2023,2957000,591400,1478500,887100
8/24/2022,1290000,258000,645000,387000
2/10/2024,3282000,656400,1641000,984600
1/16/2024,3937000,787400,1968500,1181100
2/23/2024,1224000,244800,612000,367200
11/21/2024,3897000,779400,1948500,1169100
7/11/2024,324000,64800,162000,97200
9/9/2022,4115000,823000,2057500,1234500
11/26/2021,7083000,1416600,3541500,2124900
10/14/2023,8863000,1772600,4431500,2658900
8/31/2021,6115000,1223000,3057500,1834500
8/11/2024,6734000,1346800,3367000,2020200
3/3/2024,7413000,1482600,3706500,2223900
4/11/2023,2431000,486200,1215500,729300
1/3/2023,695000,139000,347500,208500
3/28/2022,811000,162200,405500,243300
10/6/2024,3632000,726400,1816000,1089600
8/5/2024,4287000,857400,2143500,1286100
10/4/2024,5714000,1142800,2857000,1714200
8/11/2024,4491000,898200,2245500,1347300
7/22/2022,1584000,316800,792000,475200
5/12/2022,1334000,266800,667000,400200
7/13/2024,5480000,1096000,2740000,1644000
9/26/2024,5911000,1182200,2955500,1773300
9/22/2024,3477000,695400,1738500,1043100
5/12/2021,9357000,1871400,4678500,2807100
4/11/2022,4645000,929000,2322500,1393500
7/20/2021,2658000,531600,1329000,797400
5/6/2021,4234000,846800,2117000,1270200
5/26/2024,8679000,1735800,4339500,2603700
3/23/2023,5030000,1006000,2515000,1509000
7/3/2024,8132000,1626400,4066000,2439600
6/2/2023,7118000,1423600,3559000,2135400
12/1/2023,450000,90000,225000,135000
5/19/2022,3022000,604400,1511000,906600
6/17/2024,4762000,952400,2381000,1428600
7/9/2023,8059000,1611800,4029500,2417700
5/3/2021,1956000,391200,978000,586800
4/27/2022,7383000,1476600,3691500,2214900
1/21/2021,4553000,910600,2276500,1365900
3/1/2021,740000,148000,370000,222000
3/17/2024,5028000,1005600,2514000,1508400
1/26/2021,1516000,303200,758000,454800
8/18/2023,7259000,1451800,3629500,2177700
10/31/2021,7641000,1528200,3820500,2292300
4/8/2024,6103000,1220600,3051500,1830900
3/31/2023,9379000,1875800,4689500,2813700
10/18/2022,560000,112000,280000,168000
4/6/2024,657000,131400,328500,197100
4/11/2023,9225000,1845000,4612500,2767500
1/14/2023,8053000,1610600,4026500,2415900
1/27/2021,7995000,1599000,3997500,2398500
1/5/2022,9827000,1965400,4913500,2948100
10/30/2023,4406000,881200,2203000,1321800
1/19/2024,1193000,238600,596500,357900
9/11/2023,8750000,1750000,4375000,2625000
10/23/2021,2331000,466200,1165500,699300
3/15/2023,5558000,1111600,2779000,1667400
12/3/2024,5410000,1082000,2705000,1623000
3/17/2022,7587000,1517400,3793500,2276100
5/22/2024,6651000,1330200,3325500,1995300
8/28/2021,1581000,316200,790500,474300
4/28/2024,5760000,1152000,2880000,1728000
10/14/2022,4838000,967600,2419000,1451400
7/10/2021,58000,11600,29000,17400
3/16/2021,2171000,434200,1085500,651300
2/26/2023,6340000,1268000,3170000,1902000
12/16/2023,2549000,509800,1274500,764700
11/25/2024,5429000,1085800,2714500,1628700
4/8/2023,5794000,1158800,2897000,1738200
3/9/2023,9544000,1908800,4772000,2863200
12/11/2022,293000,58600,146500,87900
4/25/2021,5082000,1016400,2541000,1524600
9/28/2023,6109000,1221800,3054500,1832700
4/23/2023,1224000,244800,612000,367200
8/28/2021,1675000,335000,837500,502500
11/29/2021,4848000,969600,2424000,1454400
12/11/2023,6161000,1232200,3080500,1848300
12/27/2023,8270000,1654000,4135000,2481000
8/22/2023,6130000,1226000,3065000,1839000
6/6/2022,3869000,773800,1934500,1160700
8/29/2024,8934000,1786800,4467000,2680200
8/26/2024,5937000,1187400,2968500,1781100
7/16/2021,2908000,581600,1454000,872400
9/26/2024,6726000,1345200,3363000,2017800
12/3/2021,8201000,1640200,4100500,2460300
4/15/2024,9832000,1966400,4916000,2949600
8/16/2023,8026000,1605200,4013000,2407800
12/27/2023,7007000,1401400,3503500,2102100
9/30/2024,578000,115600,289000,173400
7/29/2021,3967000,793400,1983500,1190100
12/13/2022,6872000,1374400,3436000,2061600
7/29/2024,4610000,922000,2305000,1383000
12/28/2022,7224000,1444800,3612000,2167200
6/4/2024,8877000,1775400,4438500,2663100
2/8/2021,3830000,766000,1915000,1149000
11/27/2023,592000,118400,296000,177600
12/26/2021,1376000,275200,688000,412800
5/19/2022,7875000,1575000,3937500,2362500
11/16/2024,6905000,1381000,3452500,2071500
8/25/2023,6883000,1376600,3441500,2064900
10/18/2024,6843000,1368600,3421500,2052900
10/25/2024,7057000,1411400,3528500,2117100
7/31/2024,2341000,468200,1170500,702300
5/8/2022,4391000,878200,2195500,1317300
7/17/2021,8171000,1634200,4085500,2451300
8/22/2021,9067000,1813400,4533500,2720100
2/25/2023,2964000,592800,1482000,889200
8/15/2023,9265000,1853000,4632500,2779500
9/1/2021,9502000,1900400,4751000,2850600
10/28/2024,8426000,1685200,4213000,2527800
12/12/2023,5458000,1091600,2729000,1637400
12/29/2021,1467000,293400,733500,440100
9/21/2022,8272000,1654400,4136000,2481600
12/10/2024,8721000,1744200,4360500,2616300
9/17/2021,2700000,540000,1350000,810000
9/9/2023,9608000,1921600,4804000,2882400
3/27/2023,2827000,565400,1413500,848100
1/23/2021,3220000,644000,1610000,966000
2/17/2022,7543000,1508600,3771500,2262900
2/26/2023,5585000,1117000,2792500,1675500
9/15/2023,1559000,311800,779500,467700
11/6/2023,4022000,804400,2011000,1206600
6/8/2024,4212000,842400,2106000,1263600
3/18/2023,2522000,504400,1261000,756600
9/19/2022,1704000,340800,852000,511200
6/17/2023,2402000,480400,1201000,720600
7/27/2022,9486000,1897200,4743000,2845800
8/25/2023,605000,121000,302500,181500
9/8/2021,6925000,1385000,3462500,2077500
10/21/2023,257000,51400,128500,77100
7/18/2022,8501000,1700200,4250500,2550300
9/22/2023,8483000,1696600,4241500,2544900
1/6/2023,6551000,1310200,3275500,1965300
10/7/2021,4312000,862400,2156000,1293600
1/27/2023,8904000,1780800,4452000,2671200
12/6/2023,4594000,918800,2297000,1378200
7/23/2022,5032000,1006400,2516000,1509600
5/6/2022,7437000,1487400,3718500,2231100
5/7/2023,4376000,875200,2188000,1312800
5/22/2022,4393000,878600,2196500,1317900
10/21/2021,632000,126400,316000,189600
4/9/2022,9804000,1960800,4902000,2941200
3/16/2024,2358000,471600,1179000,707400
12/12/2024,3312000,662400,1656000,993600
1/20/2023,8166000,1633200,4083000,2449800
4/21/2024,2991000,598200,1495500,897300
11/18/2021,7728000,1545600,3864000,2318400
12/9/2022,1625000,325000,812500,487500
2/17/2024,3202000,640400,1601000,960600
6/30/2021,3861000,772200,1930500,1158300
7/31/2024,8700000,1740000,4350000,2610000
6/17/2021,3732000,746400,1866000,1119600
9/5/2022,1169000,233800,584500,350700
4/1/2023,9996000,1999200,4998000,2998800
12/24/2022,3584000,716800,1792000,1075200
12/11/2021,1216000,243200,608000,364800
3/20/2022,6424000,1284800,3212000,1927200
11/2/2021,1855000,371000,927500,556500
6/2/2021,1080000,216000,540000,324000
12/19/2023,9143000,1828600,4571500,2742900
8/26/2023,6135000,1227000,3067500,1840500
10/16/2022,9392000,1878400,4696000,2817600
11/10/2021,1343000,268600,671500,402900
5/24/2023,2764000,552800,1382000,829200
7/19/2021,5300000,1060000,2650000,1590000
9/12/2022,7066000,1413200,3533000,2119800
4/9/2022,3772000,754400,1886000,1131600
10/26/2024,2185000,437000,1092500,655500
11/28/2022,8427000,1685400,4213500,2528100
8/23/2023,4107000,821400,2053500,1232100
5/2/2021,8449000,1689800,4224500,2534700
3/4/2021,2037000,407400,1018500,611100
5/26/2022,3182000,636400,1591000,954600
12/26/2021,8504000,1700800,4252000,2551200
12/17/2021,820000,164000,410000,246000
2/12/2024,3780000,756000,1890000,1134000
10/14/2023,3211000,642200,1605500,963300
10/11/2022,8306000,1661200,4153000,2491800
1/26/2023,3893000,778600,1946500,1167900
4/9/2023,9501000,1900200,4750500,2850300
8/10/2024,8241000,1648200,4120500,2472300
6/13/2024,265000,53000,132500,79500
10/11/2023,5486000,1097200,2743000,1645800
10/5/2024,2109000,421800,1054500,632700
9/3/2023,9538000,1907600,4769000,2861400
11/26/2022,8048000,1609600,4024000,2414400
10/15/2023,1144000,228800,572000,343200
3/22/2021,1590000,318000,795000,477000
12/12/2021,2291000,458200,1145500,687300
8/17/2021,5496000,1099200,2748000,1648800
3/13/2023,4429000,885800,2214500,1328700
5/10/2023,3171000,634200,1585500,951300
12/23/2022,4804000,960800,2402000,1441200
4/2/2023,6353000,1270600,3176500,1905900
1/3/2024,9867000,1973400,4933500,2960100
1/28/2022,4512000,902400,2256000,1353600
12/13/2023,9994000,1998800,4997000,2998200
7/9/2022,2828000,565600,1414000,848400
9/21/2024,4821000,964200,2410500,1446300
6/21/2024,8906000,1781200,4453000,2671800
11/4/2021,3454000,690800,1727000,1036200
7/23/2021,5862000,1172400,2931000,1758600
9/30/2024,3631000,726200,1815500,1089300
7/27/2022,7604000,1520800,3802000,2281200
1/1/2022,7760000,1552000,3880000,2328000
4/22/2022,5076000,1015200,2538000,1522800
4/26/2022,7238000,1447600,3619000,2171400
9/26/2024,8916000,1783200,4458000,2674800
5/5/2024,6212000,1242400,3106000,1863600
6/1/2021,8479000,1695800,4239500,2543700
1/21/2024,6589000,1317800,3294500,1976700
11/4/2022,8523000,1704600,4261500,2556900
8/23/2022,5321000,1064200,2660500,1596300
10/21/2021,3107000,621400,1553500,932100
3/8/2024,7953000,1590600,3976500,2385900
4/27/2022,1823000,364600,911500,546900
3/8/2024,79000,15800,39500,23700
10/17/2022,1477000,295400,738500,443100
2/1/2023,7420000,1484000,3710000,2226000
3/25/2023,8922000,1784400,4461000,2676600
8/15/2022,778000,155600,389000,233400
9/18/2022,9208000,1841600,4604000,2762400
2/27/2022,6678000,1335600,3339000,2003400
11/29/2022,4787000,957400,2393500,1436100
3/18/2023,6690000,1338000,3345000,2007000
8/8/2021,1177000,235400,588500,353100
2/23/2022,3762000,752400,1881000,1128600
8/26/2024,6164000,1232800,3082000,1849200
9/8/2024,5113000,1022600,2556500,1533900
1/20/2022,9655000,1931000,4827500,2896500
5/14/2021,4367000,873400,2183500,1310100
5/29/2022,2318000,463600,1159000,695400
8/9/2021,5174000,1034800,2587000,1552200
4/1/2021,7063000,1412600,3531500,2118900
7/31/2021,7247000,1449400,3623500,2174100
12/20/2022,4919000,983800,2459500,1475700
9/1/2021,7256000,1451200,3628000,2176800
1/5/2023,3735000,747000,1867500,1120500
12/17/2022,7845000,1569000,3922500,2353500
1/3/2023,1450000,290000,725000,435000
9/2/2022,6666000,1333200,3333000,1999800
9/29/2022,2472000,494400,1236000,741600
6/10/2024,4483000,896600,2241500,1344900
7/20/2021,1091000,218200,545500,327300
5/19/2021,9431000,1886200,4715500,2829300
8/26/2024,8752000,1750400,4376000,2625600
10/24/2021,9401000,1880200,4700500,2820300
12/5/2024,7170000,1434000,3585000,2151000
8/8/2024,9520000,1904000,4760000,2856000
10/18/2022,8144000,1628800,4072000,2443200
4/15/2022,7878000,1575600,3939000,2363400
9/19/2021,6635000,1327000,3317500,1990500
9/28/2021,9951000,1990200,4975500,2985300
9/12/2022,8040000,1608000,4020000,2412000
7/29/2024,3923000,784600,1961500,1176900
8/12/2024,5133000,1026600,2566500,1539900
6/18/2022,6404000,1280800,3202000,1921200
7/25/2024,1444000,288800,722000,433200
10/24/2022,1835000,367000,917500,550500
3/10/2021,1862000,372400,931000,558600
8/12/2021,1488000,297600,744000,446400
1/30/2024,2948000,589600,1474000,884400
9/27/2023,5693000,1138600,2846500,1707900
8/16/2023,8483000,1696600,4241500,2544900
1/1/2022,4452000,890400,2226000,1335600
6/26/2024,8727000,1745400,4363500,2618100
5/23/2024,7969000,1593800,3984500,2390700
7/15/2022,4189000,837800,2094500,1256700
6/30/2024,3064000,612800,1532000,919200
5/5/2023,8091000,1618200,4045500,2427300
10/19/2024,3080000,616000,1540000,924000
4/28/2023,1213000,242600,606500,363900
3/14/2023,8352000,1670400,4176000,2505600
1/28/2021,2512000,502400,1256000,753600
11/25/2023,372000,74400,186000,111600
5/8/2024,1444000,288800,722000,433200
4/12/2024,7515000,1503000,3757500,2254500
6/23/2023,3799000,759800,1899500,1139700
5/25/2024,1474000,294800,737000,442200
7/20/2024,4422000,884400,2211000,1326600
4/10/2022,9143000,1828600,4571500,2742900
3/23/2022,9736000,1947200,4868000,2920800
7/8/2022,6327000,1265400,3163500,1898100
8/28/2024,1428000,285600,714000,428400
3/20/2021,2856000,571200,1428000,856800
8/18/2023,5675000,1135000,2837500,1702500
9/14/2023,3122000,624400,1561000,936600
5/20/2021,4616000,923200,2308000,1384800
10/5/2023,7775000,1555000,3887500,2332500
9/16/2023,9658000,1931600,4829000,2897400
6/30/2021,5720000,1144000,2860000,1716000
4/15/2021,7523000,1504600,3761500,2256900
3/11/2023,6506000,1301200,3253000,1951800
5/4/2022,2688000,537600,1344000,806400
3/24/2024,4833000,966600,2416500,1449900
7/19/2023,5630000,1126000,2815000,1689000
6/28/2023,1817000,363400,908500,545100
6/8/2023,9839000,1967800,4919500,2951700
4/14/2022,1685000,337000,842500,505500
6/28/2021,302000,60400,151000,90600
8/14/2021,2139000,427800,1069500,641700
4/7/2022,1802000,360400,901000,540600
1/28/2024,2270000,454000,1135000,681000
1/17/2022,2726000,545200,1363000,817800
4/23/2024,3346000,669200,1673000,1003800
4/17/2021,5860000,1172000,2930000,1758000
6/12/2022,9531000,1906200,4765500,2859300
10/7/2021,9393000,1878600,4696500,2817900
8/3/2022,3667000,733400,1833500,1100100
1/21/2021,7435000,1487000,3717500,2230500
2/12/2024,4986000,997200,2493000,1495800
6/27/2023,9124000,1824800,4562000,2737200
7/26/2024,2674000,534800,1337000,802200
4/26/2022,1330000,266000,665000,399000
8/9/2021,4765000,953000,2382500,1429500
10/17/2024,3897000,779400,1948500,1169100
11/3/2023,6827000,1365400,3413500,2048100
8/14/2021,3727000,745400,1863500,1118100
1/5/2024,2256000,451200,1128000,676800
5/22/2021,6778000,1355600,3389000,2033400
5/28/2023,9370000,1874000,4685000,2811000
6/22/2024,3488000,697600,1744000,1046400
4/11/2022,6161000,1232200,3080500,1848300
11/8/2024,6606000,1321200,3303000,1981800
5/21/2022,4292000,858400,2146000,1287600
12/15/2021,7620000,1524000,3810000,2286000
2/14/2021,6927000,1385400,3463500,2078100
3/22/2022,3026000,605200,1513000,907800
8/11/2021,168000,33600,84000,50400
2/1/2021,5797000,1159400,2898500,1739100
1/17/2022,8281000,1656200,4140500,2484300
5/28/2024,8010000,1602000,4005000,2403000
11/24/2021,9710000,1942000,4855000,2913000
5/2/2022,5338000,1067600,2669000,1601400
7/7/2024,7845000,1569000,3922500,2353500
4/21/2021,6296000,1259200,3148000,1888800
8/27/2023,2413000,482600,1206500,723900
4/15/2023,6387000,1277400,3193500,1916100
6/29/2023,9266000,1853200,4633000,2779800
1/31/2023,9931000,1986200,4965500,2979300
3/9/2023,9099000,1819800,4549500,2729700
7/15/2023,8775000,1755000,4387500,2632500
9/17/2022,4356000,871200,2178000,1306800
10/27/2022,9294000,1858800,4647000,2788200
12/2/2023,9718000,1943600,4859000,2915400
11/1/2022,7903000,1580600,3951500,2370900
3/13/2021,1984000,396800,992000,595200
8/8/2022,1742000,348400,871000,522600
3/26/2023,5006000,1001200,2503000,1501800
1/16/2022,6406000,1281200,3203000,1921800
9/24/2022,7326000,1465200,3663000,2197800
12/8/2023,1827000,365400,913500,548100
4/13/2024,5429000,1085800,2714500,1628700
1/7/2022,914000,182800,457000,274200
5/10/2024,1128000,225600,564000,338400
10/10/2021,165000,33000,82500,49500
11/30/2024,313000,62600,156500,93900
7/25/2022,891000,178200,445500,267300
8/15/2024,4384000,876800,2192000,1315200
11/30/2023,5559000,1111800,2779500,1667700
3/15/2022,4505000,901000,2252500,1351500
5/15/2024,4657000,931400,2328500,1397100
5/5/2024,9316000,1863200,4658000,2794800
10/27/2022,845000,169000,422500,253500
7/23/2022,4117000,823400,2058500,1235100
11/20/2021,7370000,1474000,3685000,2211000
11/23/2024,3342000,668400,1671000,1002600
5/4/2021,9366000,1873200,4683000,2809800
2/4/2024,6023000,1204600,3011500,1806900
7/30/2023,7824000,1564800,3912000,2347200
2/14/2024,3456000,691200,1728000,1036800
2/7/2024,7411000,1482200,3705500,2223300
3/5/2024,7677000,1535400,3838500,2303100
3/15/2021,2231000,446200,1115500,669300
11/15/2022,9904000,1980800,4952000,2971200
3/22/2022,8266000,1653200,4133000,2479800
11/21/2023,5302000,1060400,2651000,1590600
10/3/2024,1953000,390600,976500,585900
8/31/2024,1225000,245000,612500,367500
1/30/2021,2183000,436600,1091500,654900
8/31/2024,8832000,1766400,4416000,2649600
4/29/2022,2191000,438200,1095500,657300
9/12/2022,3655000,731000,1827500,1096500
5/13/2021,2501000,500200,1250500,750300
6/13/2022,9627000,1925400,4813500,2888100
2/25/2024,1026000,205200,513000,307800
7/3/2021,4253000,850600,2126500,1275900
11/2/2024,1851000,370200,925500,555300
11/6/2023,3591000,718200,1795500,1077300
5/14/2022,2769000,553800,1384500,830700
5/24/2023,3746000,749200,1873000,1123800
9/8/2023,2975000,595000,1487500,892500
12/3/2021,6900000,1380000,3450000,2070000
6/4/2022,4501000,900200,2250500,1350300
12/22/2023,1920000,384000,960000,576000
5/10/2022,9920000,1984000,4960000,2976000
4/21/2024,993000,198600,496500,297900
8/1/2023,2117000,423400,1058500,635100
10/3/2024,3367000,673400,1683500,1010100
4/10/2021,2721000,544200,1360500,816300
7/26/2021,2940000,588000,1470000,882000
9/3/2024,8589000,1717800,4294500,2576700
6/24/2023,6494000,1298800,3247000,1948200
11/3/2023,8852000,1770400,4426000,2655600
10/23/2021,8187000,1637400,4093500,2456100
9/4/2024,762000,152400,381000,228600
4/6/2023,2445000,489000,1222500,733500
8/9/2022,5642000,1128400,2821000,1692600
4/29/2023,7440000,1488000,3720000,2232000
3/14/2022,2297000,459400,1148500,689100
7/10/2022,5803000,1160600,2901500,1740900
4/16/2021,5002000,1000400,2501000,1500600
10/7/2021,8886000,1777200,4443000,2665800
10/6/2021,652000,130400,326000,195600
5/2/2024,8655000,1731000,4327500,2596500
2/10/2022,7649000,1529800,3824500,2294700
9/6/2023,6607000,1321400,3303500,1982100
8/6/2021,7901000,1580200,3950500,2370300
10/5/2023,2960000,592000,1480000,888000
5/19/2023,5528000,1105600,2764000,1658400
3/17/2022,1521000,304200,760500,456300
3/13/2022,9224000,1844800,4612000,2767200
9/4/2023,2437000,487400,1218500,731100
11/14/2023,3855000,771000,1927500,1156500
12/16/2024,71000,14200,35500,21300
12/7/2024,1607000,321400,803500,482100
9/7/2024,5724000,1144800,2862000,1717200
7/14/2021,4809000,961800,2404500,1442700
10/13/2023,6876000,1375200,3438000,2062800
7/18/2022,1894000,378800,947000,568200
11/30/2021,8151000,1630200,4075500,2445300
12/20/2022,150000,30000,75000,45000
4/27/2022,2635000,527000,1317500,790500
1/31/2021,9646000,1929200,4823000,2893800
9/19/2024,8594000,1718800,4297000,2578200
3/14/2022,1306000,261200,653000,391800
2/2/2021,9311000,1862200,4655500,2793300
11/17/2022,1281000,256200,640500,384300
8/4/2023,8252000,1650400,4126000,2475600
8/20/2021,6930000,1386000,3465000,2079000
5/9/2023,9676000,1935200,4838000,2902800
9/5/2024,6748000,1349600,3374000,2024400
5/26/2024,6615000,1323000,3307500,1984500
10/10/2023,7463000,1492600,3731500,2238900
6/27/2021,1483000,296600,741500,444900
12/7/2021,2061000,412200,1030500,618300
8/12/2022,9105000,1821000,4552500,2731500
10/21/2024,5921000,1184200,2960500,1776300
2/6/2023,6302000,1260400,3151000,1890600
6/6/2021,9668000,1933600,4834000,2900400
11/19/2024,7767000,1553400,3883500,2330100
5/5/2021,2780000,556000,1390000,834000
12/3/2022,7564000,1512800,3782000,2269200
3/26/2022,3687000,737400,1843500,1106100
11/21/2024,9594000,1918800,4797000,2878200
10/13/2024,2065000,413000,1032500,619500
2/24/2021,7019000,1403800,3509500,2105700
10/30/2023,5301000,1060200,2650500,1590300
4/27/2022,8660000,1732000,4330000,2598000
10/31/2024,9736000,1947200,4868000,2920800
1/16/2022,8234000,1646800,4117000,2470200
8/2/2022,537000,107400,268500,161100
2/16/2022,3237000,647400,1618500,971100
4/16/2021,4973000,994600,2486500,1491900
8/28/2022,3103000,620600,1551500,930900
6/6/2021,2509000,501800,1254500,752700
10/7/2021,2657000,531400,1328500,797100
1/16/2022,4091000,818200,2045500,1227300
6/8/2021,1577000,315400,788500,473100
8/27/2022,9527000,1905400,4763500,2858100
1/31/2024,6224000,1244800,3112000,1867200
3/12/2023,7314000,1462800,3657000,2194200
2/6/2021,4392000,878400,2196000,1317600
11/30/2024,670000,134000,335000,201000
5/4/2022,3487000,697400,1743500,1046100
3/28/2023,8008000,1601600,4004000,2402400
8/29/2024,5460000,1092000,2730000,1638000
7/16/2022,243000,48600,121500,72900
1/24/2022,2531000,506200,1265500,759300
10/21/2023,4580000,916000,2290000,1374000
7/28/2021,6445000,1289000,3222500,1933500
11/1/2023,8952000,1790400,4476000,2685600
12/21/2022,9013000,1802600,4506500,2703900
1/30/2023,4857000,971400,2428500,1457100
8/23/2021,1143000,228600,571500,342900
2/6/2021,5752000,1150400,2876000,1725600
4/2/2023,6550000,1310000,3275000,1965000
9/4/2023,8658000,1731600,4329000,2597400
9/4/2024,6202000,1240400,3101000,1860600
10/2/2023,5690000,1138000,2845000,1707000
4/24/2023,961000,192200,480500,288300
10/19/2021,9941000,1988200,4970500,2982300
12/14/2023,1802000,360400,901000,540600
4/7/2023,8891000,1778200,4445500,2667300
9/13/2022,6662000,1332400,3331000,1998600
4/25/2024,7336000,1467200,3668000,2200800
4/5/2024,1367000,273400,683500,410100
9/23/2021,5901000,1180200,2950500,1770300
4/24/2022,5568000,1113600,2784000,1670400
5/29/2024,7549000,1509800,3774500,2264700
1/26/2024,4470000,894000,2235000,1341000
9/18/2023,9229000,1845800,4614500,2768700
5/24/2023,9915000,1983000,4957500,2974500
2/28/2023,9708000,1941600,4854000,2912400
1/25/2023,9969000,1993800,4984500,2990700
1/30/2022,2480000,496000,1240000,744000
10/21/2021,948000,189600,474000,284400
6/7/2021,2277000,455400,1138500,683100
1/4/2022,5810000,1162000,2905000,1743000
10/7/2024,2921000,584200,1460500,876300
11/6/2022,6907000,1381400,3453500,2072100
11/2/2022,2018000,403600,1009000,605400
11/4/2021,4498000,899600,2249000,1349400
4/29/2021,5833000,1166600,2916500,1749900
10/24/2023,2087000,417400,1043500,626100
9/8/2022,9364000,1872800,4682000,2809200
2/1/2024,5318000,1063600,2659000,1595400
5/31/2024,4514000,902800,2257000,1354200
12/13/2023,8013000,1602600,4006500,2403900
9/20/2024,9222000,1844400,4611000,2766600
3/30/2022,9913000,1982600,4956500,2973900
2/25/2021,8360000,1672000,4180000,2508000
1/22/2024,1067000,213400,533500,320100
8/27/2023,462000,92400,231000,138600
12/6/2022,5522000,1104400,2761000,1656600
9/29/2023,3610000,722000,1805000,1083000
8/13/2021,6764000,1352800,3382000,2029200
12/2/2022,8928000,1785600,4464000,2678400
5/14/2023,7762000,1552400,3881000,2328600
9/13/2021,6104000,1220800,3052000,1831200
2/27/2021,2665000,533000,1332500,799500
2/15/2024,7226000,1445200,3613000,2167800
4/24/2024,723000,144600,361500,216900
2/13/2023,7635000,1527000,3817500,2290500
5/18/2023,5315000,1063000,2657500,1594500
10/18/2023,6322000,1264400,3161000,1896600
9/12/2021,5344000,1068800,2672000,1603200
3/24/2024,3688000,737600,1844000,1106400
2/27/2021,7551000,1510200,3775500,2265300
12/15/2021,1781000,356200,890500,534300
1/25/2022,2869000,573800,1434500,860700
4/26/2023,4281000,856200,2140500,1284300
1/8/2023,3891000,778200,1945500,1167300
11/5/2021,4466000,893200,2233000,1339800
9/30/2023,297000,59400,148500,89100
6/12/2023,7070000,1414000,3535000,2121000
12/19/2022,1679000,335800,839500,503700
12/3/2024,1600000,320000,800000,480000
3/18/2022,6323000,1264600,3161500,1896900
6/25/2022,6416000,1283200,3208000,1924800
6/24/2024,9172000,1834400,4586000,2751600
1/2/2023,7959000,1591800,3979500,2387700
12/19/2024,1823000,364600,911500,546900
8/2/2022,5624000,1124800,2812000,1687200
9/27/2022,6161000,1232200,3080500,1848300
11/19/2022,4995000,999000,2497500,1498500
12/28/2023,8742000,1748400,4371000,2622600
4/19/2022,2213000,442600,1106500,663900
5/3/2024,769000,153800,384500,230700
4/1/2024,7082000,1416400,3541000,2124600
4/12/2024,4877000,975400,2438500,1463100
6/3/2024,9216000,1843200,4608000,2764800
11/27/2024,2143000,428600,1071500,642900
10/14/2024,8027000,1605400,4013500,2408100
10/16/2023,8370000,1674000,4185000,2511000
6/3/2023,149000,29800,74500,44700
4/19/2023,8899000,1779800,4449500,2669700
2/13/2022,1406000,281200,703000,421800
6/8/2023,2748000,549600,1374000,824400
7/8/2021,597000,119400,298500,179100
4/1/2021,454000,90800,227000,136200
5/26/2023,7402000,1480400,3701000,2220600
12/13/2021,2610000,522000,1305000,783000
10/1/2021,8165000,1633000,4082500,2449500
6/5/2023,9286000,1857200,4643000,2785800
1/10/2023,7887000,1577400,3943500,2366100
4/29/2023,9342000,1868400,4671000,2802600
6/6/2022,6282000,1256400,3141000,1884600
12/22/2023,2465000,493000,1232500,739500
1/4/2024,8154000,1630800,4077000,2446200
10/22/2023,9761000,1952200,4880500,2928300
10/22/2023,9813000,1962600,4906500,2943900
3/10/2023,2148000,429600,1074000,644400
12/10/2022,7118000,1423600,3559000,2135400
12/19/2021,2406000,481200,1203000,721800
8/20/2022,6348000,1269600,3174000,1904400
10/4/2024,8348000,1669600,4174000,2504400
6/28/2021,6995000,1399000,3497500,2098500
9/27/2024,8416000,1683200,4208000,2524800
3/9/2021,5458000,1091600,2729000,1637400
1/29/2022,2011000,402200,1005500,603300
6/10/2021,916000,183200,458000,274800
3/13/2021,6925000,1385000,3462500,2077500
8/20/2022,8772000,1754400,4386000,2631600
5/10/2023,420000,84000,210000,126000
9/13/2024,4640000,928000,2320000,1392000
5/14/2021,1217000,243400,608500,365100
2/25/2023,5792000,1158400,2896000,1737600
6/14/2022,8832000,1766400,4416000,2649600
9/19/2021,5883000,1176600,2941500,1764900
2/7/2021,4952000,990400,2476000,1485600
9/10/2021,1561000,312200,780500,468300
9/29/2022,3892000,778400,1946000,1167600
12/2/2022,6428000,1285600,3214000,1928400
7/21/2022,7276000,1455200,3638000,2182800
5/20/2021,1549000,309800,774500,464700
9/19/2024,3508000,701600,1754000,1052400
2/16/2024,3389000,677800,1694500,1016700
10/11/2024,4103000,820600,2051500,1230900
4/22/2022,2463000,492600,1231500,738900
2/23/2022,1688000,337600,844000,506400
5/23/2023,7327000,1465400,3663500,2198100
11/20/2022,3688000,737600,1844000,1106400
3/12/2021,6495000,1299000,3247500,1948500
5/26/2023,4962000,992400,2481000,1488600
2/18/2024,3508000,701600,1754000,1052400
8/6/2023,1803000,360600,901500,540900
10/20/2023,3040000,608000,1520000,912000
7/21/2024,9387000,1877400,4693500,2816100
3/4/2021,6462000,1292400,3231000,1938600
11/29/2022,7161000,1432200,3580500,2148300
3/20/2024,2467000,493400,1233500,740100
11/8/2024,2057000,411400,1028500,617100
9/28/2024,5399000,1079800,2699500,1619700
6/8/2021,7211000,1442200,3605500,2163300
12/10/2024,971000,194200,485500,291300
11/30/2022,4299000,859800,2149500,1289700
9/23/2024,1673000,334600,836500,501900
4/9/2024,8901000,1780200,4450500,2670300
11/14/2021,604000,120800,302000,181200
1/10/2022,4781000,956200,2390500,1434300
11/18/2022,7047000,1409400,3523500,2114100
7/28/2023,3489000,697800,1744500,1046700
5/23/2021,5293000,1058600,2646500,1587900
7/12/2022,7219000,1443800,3609500,2165700
9/8/2022,5834000,1166800,2917000,1750200
4/17/2021,8685000,1737000,4342500,2605500
7/12/2022,3536000,707200,1768000,1060800
1/6/2023,9117000,1823400,4558500,2735100
8/11/2023,3485000,697000,1742500,1045500
2/3/2024,733000,146600,366500,219900
7/3/2023,6270000,1254000,3135000,1881000
4/4/2023,6218000,1243600,3109000,1865400
4/6/2024,7897000,1579400,3948500,2369100
10/16/2022,5071000,1014200,2535500,1521300
1/14/2024,5351000,1070200,2675500,1605300
3/10/2021,5857000,1171400,2928500,1757100
7/27/2022,5164000,1032800,2582000,1549200
12/10/2024,2127000,425400,1063500,638100
3/28/2023,9426000,1885200,4713000,2827800
3/1/2024,6111000,1222200,3055500,1833300
12/11/2022,6069000,1213800,3034500,1820700
7/27/2024,779000,155800,389500,233700
4/30/2022,1370000,274000,685000,411000
3/11/2022,643000,128600,321500,192900
10/13/2021,8315000,1663000,4157500,2494500
10/28/2023,4751000,950200,2375500,1425300
9/26/2024,6405000,1281000,3202500,1921500
6/21/2021,8573000,1714600,4286500,2571900
1/29/2023,633000,126600,316500,189900
8/2/2024,8731000,1746200,4365500,2619300
11/4/2023,5169000,1033800,2584500,1550700
3/29/2022,1601000,320200,800500,480300
11/25/2023,7744000,1548800,3872000,2323200
10/10/2021,632000,126400,316000,189600
11/19/2021,1405000,281000,702500,421500
8/8/2023,3835000,767000,1917500,1150500
6/29/2024,5210000,1042000,2605000,1563000
11/21/2022,6040000,1208000,3020000,1812000
6/17/2022,823000,164600,411500,246900
5/20/2024,1997000,399400,998500,599100
5/4/2021,1309000,261800,654500,392700
12/23/2023,6104000,1220800,3052000,1831200
4/26/2021,5928000,1185600,2964000,1778400
8/13/2021,7673000,1534600,3836500,2301900
11/9/2022,4687000,937400,2343500,1406100
12/8/2021,6527000,1305400,3263500,1958100
11/4/2021,7698000,1539600,3849000,2309400
3/5/2023,4929000,985800,2464500,1478700
5/10/2024,8609000,1721800,4304500,2582700
2/10/2021,2339000,467800,1169500,701700
3/19/2024,7536000,1507200,3768000,2260800
3/1/2021,9993000,1998600,4996500,2997900
5/29/2023,4945000,989000,2472500,1483500
9/15/2022,7449000,1489800,3724500,2234700
3/14/2023,5169000,1033800,2584500,1550700
7/18/2022,4167000,833400,2083500,1250100
9/26/2024,2635000,527000,1317500,790500
5/15/2022,2012000,402400,1006000,603600
12/7/2023,820000,164000,410000,246000
2/4/2024,6047000,1209400,3023500,1814100
2/1/2023,8199000,1639800,4099500,2459700
4/3/2024,8816000,1763200,4408000,2644800
3/15/2024,1213000,242600,606500,363900
6/27/2024,3178000,635600,1589000,953400
3/24/2022,6793000,1358600,3396500,2037900
12/15/2024,8492000,1698400,4246000,2547600
9/22/2023,1436000,287200,718000,430800
8/26/2022,6950000,1390000,3475000,2085000
10/1/2022,571000,114200,285500,171300
6/9/2023,9983000,1996600,4991500,2994900
12/28/2022,6979000,1395800,3489500,2093700
3/8/2022,8443000,1688600,4221500,2532900
9/23/2024,3387000,677400,1693500,1016100
6/21/2023,6458000,1291600,3229000,1937400
9/28/2021,3975000,795000,1987500,1192500
10/31/2023,7462000,1492400,3731000,2238600
5/22/2022,4944000,988800,2472000,1483200
4/16/2024,1279000,255800,639500,383700
2/16/2022,5986000,1197200,2993000,1795800
9/29/2021,7610000,1522000,3805000,2283000
7/10/2024,6521000,1304200,3260500,1956300
9/26/2023,2518000,503600,1259000,755400
9/25/2023,2983000,596600,1491500,894900
2/15/2021,9548000,1909600,4774000,2864400
8/30/2024,8662000,1732400,4331000,2598600
2/2/2021,4051000,810200,2025500,1215300
1/7/2024,784000,156800,392000,235200
10/20/2024,1723000,344600,861500,516900
8/2/2024,3681000,736200,1840500,1104300
10/22/2024,9560000,1912000,4780000,2868000
3/17/2023,8749000,1749800,4374500,2624700
7/28/2023,59000,11800,29500,17700
5/1/2024,5559000,1111800,2779500,1667700
2/11/2023,6959000,1391800,3479500,2087700
4/26/2024,3032000,606400,1516000,909600
9/16/2022,3691000,738200,1845500,1107300
5/1/2023,4977000,995400,2488500,1493100
9/1/2022,714000,142800,357000,214200
3/29/2023,8731000,1746200,4365500,2619300
1/4/2024,375000,75000,187500,112500
7/23/2023,2552000,510400,1276000,765600
9/4/2021,6787000,1357400,3393500,2036100
8/12/2024,9487000,1897400,4743500,2846100
7/6/2023,642000,128400,321000,192600
6/24/2022,8353000,1670600,4176500,2505900
6/9/2021,9045000,1809000,4522500,2713500
4/27/2024,1381000,276200,690500,414300
2/20/2024,8262000,1652400,4131000,2478600
3/29/2022,8853000,1770600,4426500,2655900
12/27/2023,6099000,1219800,3049500,1829700
8/14/2022,8222000,1644400,4111000,2466600
4/15/2022,4417000,883400,2208500,1325100
8/13/2021,9917000,1983400,4958500,2975100
10/17/2021,4091000,818200,2045500,1227300
6/20/2021,3243000,648600,1621500,972900
5/27/2021,1843000,368600,921500,552900
5/7/2023,8502000,1700400,4251000,2550600
5/15/2021,358000,71600,179000,107400
8/1/2022,3406000,681200,1703000,1021800
7/31/2024,3893000,778600,1946500,1167900
4/12/2024,2312000,462400,1156000,693600
2/23/2022,4299000,859800,2149500,1289700
8/1/2023,3889000,777800,1944500,1166700
8/7/2023,1111000,222200,555500,333300
10/2/2021,1130000,226000,565000,339000
3/10/2024,304000,60800,152000,91200
7/21/2023,5920000,1184000,2960000,1776000
9/29/2021,4607000,921400,2303500,1382100
10/15/2021,9320000,1864000,4660000,2796000
6/14/2023,3380000,676000,1690000,1014000
3/22/2023,8827000,1765400,4413500,2648100
6/8/2021,6945000,1389000,3472500,2083500
8/29/2022,4873000,974600,2436500,1461900
4/18/2021,4066000,813200,2033000,1219800
11/11/2022,6388000,1277600,3194000,1916400
5/5/2021,6461000,1292200,3230500,1938300
10/2/2023,5126000,1025200,2563000,1537800
3/23/2024,7089000,1417800,3544500,2126700
3/30/2023,1758000,351600,879000,527400
11/22/2023,9613000,1922600,4806500,2883900
11/15/2024,9094000,1818800,4547000,2728200
8/30/2024,4149000,829800,2074500,1244700
9/11/2021,3617000,723400,1808500,1085100
9/21/2022,3466000,693200,1733000,1039800
10/10/2021,8645000,1729000,4322500,2593500
6/26/2023,7502000,1500400,3751000,2250600
5/17/2021,4543000,908600,2271500,1362900
10/31/2023,1084000,216800,542000,325200
8/19/2021,2485000,497000,1242500,745500
11/5/2021,136000,27200,68000,40800
6/6/2022,2398000,479600,1199000,719400
3/3/2024,1365000,273000,682500,409500
2/23/2023,5010000,1002000,2505000,1503000
2/6/2021,5324000,1064800,2662000,1597200
2/13/2022,4660000,932000,2330000,1398000
11/14/2024,7595000,1519000,3797500,2278500
7/5/2022,9546000,1909200,4773000,2863800
9/2/2023,6889000,1377800,3444500,2066700
3/29/2024,2065000,413000,1032500,619500
1/17/2022,3791000,758200,1895500,1137300
9/19/2022,6603000,1320600,3301500,1980900
1/24/2022,8463000,1692600,4231500,2538900
10/26/2024,4411000,882200,2205500,1323300
11/9/2022,4826000,965200,2413000,1447800
4/8/2021,3623000,724600,1811500,1086900
4/9/2021,3199000,639800,1599500,959700
2/7/2024,117000,23400,58500,35100
7/27/2022,2653000,530600,1326500,795900
10/23/2021,4453000,890600,2226500,1335900
8/8/2022,605000,121000,302500,181500
11/1/2023,3757000,751400,1878500,1127100
8/28/2024,6368000,1273600,3184000,1910400
1/5/2023,886000,177200,443000,265800
8/5/2023,9024000,1804800,4512000,2707200
11/14/2021,5901000,1180200,2950500,1770300
9/14/2022,3311000,662200,1655500,993300
2/28/2023,4815000,963000,2407500,1444500
6/26/2024,424000,84800,212000,127200
5/16/2021,5210000,1042000,2605000,1563000
8/11/2024,1139000,227800,569500,341700
2/8/2024,4882000,976400,2441000,1464600
6/29/2022,9765000,1953000,4882500,2929500
11/5/2022,2155000,431000,1077500,646500
10/23/2024,6936000,1387200,3468000,2080800
3/11/2021,9599000,1919800,4799500,2879700
3/4/2023,6649000,1329800,3324500,1994700
6/21/2024,5023000,1004600,2511500,1506900
1/24/2021,3382000,676400,1691000,1014600
11/1/2023,4695000,939000,2347500,1408500
12/10/2023,9226000,1845200,4613000,2767800
10/2/2024,3079000,615800,1539500,923700
8/30/2022,2311000,462200,1155500,693300
9/8/2023,4154000,830800,2077000,1246200
12/3/2024,2146000,429200,1073000,643800
2/14/2021,5474000,1094800,2737000,1642200
8/23/2023,7355000,1471000,3677500,2206500
4/13/2024,3833000,766600,1916500,1149900
11/13/2023,8393000,1678600,4196500,2517900
8/13/2022,8879000,1775800,4439500,2663700
6/2/2021,8901000,1780200,4450500,2670300
4/20/2021,4788000,957600,2394000,1436400
11/8/2024,8925000,1785000,4462500,2677500
8/30/2023,3617000,723400,1808500,1085100
4/15/2023,2840000,568000,1420000,852000
1/24/2021,8026000,1605200,4013000,2407800
12/30/2021,327000,65400,163500,98100
3/9/2023,6267000,1253400,3133500,1880100
10/11/2022,9217000,1843400,4608500,2765100
5/14/2023,2119000,423800,1059500,635700
12/1/2022,2738000,547600,1369000,821400
3/6/2023,3427000,685400,1713500,1028100
5/12/2022,7682000,1536400,3841000,2304600
3/3/2022,2372000,474400,1186000,711600
11/8/2022,7921000,1584200,3960500,2376300
7/30/2024,3445000,689000,1722500,1033500
5/25/2022,7789000,1557800,3894500,2336700
8/15/2023,3186000,637200,1593000,955800
11/11/2023,228000,45600,114000,68400
12/8/2023,5751000,1150200,2875500,1725300
8/26/2024,2643000,528600,1321500,792900
6/28/2021,7734000,1546800,3867000,2320200
5/3/2023,7707000,1541400,3853500,2312100
6/22/2021,7563000,1512600,3781500,2268900
9/2/2023,8542000,1708400,4271000,2562600
3/8/2023,1473000,294600,736500,441900
12/24/2023,1486000,297200,743000,445800
10/30/2023,394000,78800,197000,118200
4/6/2024,7703000,1540600,3851500,2310900
3/21/2024,276000,55200,138000,82800
10/4/2023,5851000,1170200,2925500,1755300
6/30/2023,7730000,1546000,3865000,2319000
8/14/2023,3030000,606000,1515000,909000
2/6/2022,4514000,902800,2257000,1354200
10/6/2024,5172000,1034400,2586000,1551600
8/12/2022,3973000,794600,1986500,1191900
3/28/2021,4788000,957600,2394000,1436400
12/20/2021,5731000,1146200,2865500,1719300
6/20/2023,6305000,1261000,3152500,1891500
9/28/2021,131000,26200,65500,39300
6/13/2021,6873000,1374600,3436500,2061900
3/19/2024,2345000,469000,1172500,703500
5/1/2023,8827000,1765400,4413500,2648100
9/21/2022,3569000,713800,1784500,1070700
12/15/2021,8733000,1746600,4366500,2619900
11/30/2022,2392000,478400,1196000,717600
10/20/2023,3682000,736400,1841000,1104600
4/14/2024,4506000,901200,2253000,1351800
1/10/2022,5637000,1127400,2818500,1691100
3/15/2021,8713000,1742600,4356500,2613900
4/10/2022,5201000,1040200,2600500,1560300
8/7/2021,5332000,1066400,2666000,1599600
11/7/2021,7837000,1567400,3918500,2351100
12/19/2023,625000,125000,312500,187500
9/23/2023,9089000,1817800,4544500,2726700
12/1/2022,3468000,693600,1734000,1040400
5/12/2023,5212000,1042400,2606000,1563600
5/23/2024,6975000,1395000,3487500,2092500
9/16/2024,4393000,878600,2196500,1317900
7/23/2021,1176000,235200,588000,352800
6/19/2022,475000,95000,237500,142500
1/31/2023,2597000,519400,1298500,779100
7/15/2023,7865000,1573000,3932500,2359500
9/21/2022,5139000,1027800,2569500,1541700
1/13/2022,5960000,1192000,2980000,1788000
12/13/2023,6160000,1232000,3080000,1848000
12/24/2022,4098000,819600,2049000,1229400
5/18/2022,8068000,1613600,4034000,2420400
3/11/2022,6535000,1307000,3267500,1960500
11/29/2024,8952000,1790400,4476000,2685600
3/12/2023,2516000,503200,1258000,754800
1/19/2023,3496000,699200,1748000,1048800
8/2/2024,7655000,1531000,3827500,2296500
4/12/2022,5170000,1034000,2585000,1551000
11/30/2023,2159000,431800,1079500,647700
4/17/2022,9694000,1938800,4847000,2908200
10/3/2021,7428000,1485600,3714000,2228400
4/20/2024,1772000,354400,886000,531600
9/2/2021,9017000,1803400,4508500,2705100
3/23/2024,5084000,1016800,2542000,1525200
4/12/2023,2712000,542400,1356000,813600
5/20/2023,444000,88800,222000,133200
4/9/2022,3102000,620400,1551000,930600
9/2/2024,8349000,1669800,4174500,2504700
3/16/2024,5885000,1177000,2942500,1765500
9/12/2024,8361000,1672200,4180500,2508300
6/12/2023,2287000,457400,1143500,686100
10/15/2022,7821000,1564200,3910500,2346300
10/6/2023,6972000,1394400,3486000,2091600
5/1/2023,3514000,702800,1757000,1054200
1/13/2023,2772000,554400,1386000,831600
12/13/2021,3359000,671800,1679500,1007700
5/10/2024,8715000,1743000,4357500,2614500
3/10/2023,7228000,1445600,3614000,2168400
9/12/2024,911000,182200,455500,273300
2/16/2021,2824000,564800,1412000,847200
10/12/2024,5413000,1082600,2706500,1623900
4/5/2022,8945000,1789000,4472500,2683500
7/20/2022,8541000,1708200,4270500,2562300
11/4/2024,9139000,1827800,4569500,2741700
10/15/2021,3681000,736200,1840500,1104300
6/21/2021,1646000,329200,823000,493800
10/17/2021,3124000,624800,1562000,937200
4/19/2021,1360000,272000,680000,408000
11/10/2022,757000,151400,378500,227100
3/4/2022,3904000,780800,1952000,1171200
12/1/2024,3651000,730200,1825500,1095300
11/11/2024,342000,68400,171000,102600
1/13/2024,984000,196800,492000,295200
2/12/2021,1266000,253200,633000,379800
3/23/2022,8825000,1765000,4412500,2647500
11/2/2024,7298000,1459600,3649000,2189400
7/14/2022,8745000,1749000,4372500,2623500
8/15/2021,3625000,725000,1812500,1087500
6/22/2021,1196000,239200,598000,358800
3/22/2023,1829000,365800,914500,548700
3/30/2022,9702000,1940400,4851000,2910600
9/25/2023,9952000,1990400,4976000,2985600
9/29/2023,3246000,649200,1623000,973800
11/28/2024,896000,179200,448000,268800
4/3/2023,929000,185800,464500,278700
9/29/2022,1291000,258200,645500,387300
2/28/2024,1260000,252000,630000,378000
7/9/2021,5240000,1048000,2620000,1572000
2/27/2021,4228000,845600,2114000,1268400
3/7/2021,8312000,1662400,4156000,2493600
6/20/2023,8418000,1683600,4209000,2525400
7/3/2022,829000,165800,414500,248700
2/12/2022,632000,126400,316000,189600
1/23/2024,7499000,1499800,3749500,2249700
3/18/2022,2273000,454600,1136500,681900
9/16/2021,8428000,1685600,4214000,2528400
3/11/2022,9650000,1930000,4825000,2895000
9/5/2023,6163000,1232600,3081500,1848900
10/27/2024,942000,188400,471000,282600
9/19/2023,7772000,1554400,3886000,2331600
12/1/2021,1817000,363400,908500,545100
3/7/2021,5729000,1145800,2864500,1718700
2/1/2022,8648000,1729600,4324000,2594400
8/29/2021,2625000,525000,1312500,787500
4/9/2021,209000,41800,104500,62700
12/13/2021,3157000,631400,1578500,947100
8/23/2024,1722000,344400,861000,516600
11/6/2021,971000,194200,485500,291300
11/22/2022,8478000,1695600,4239000,2543400
5/27/2024,3658000,731600,1829000,1097400
7/16/2023,2423000,484600,1211500,726900
5/21/2024,7559000,1511800,3779500,2267700
6/7/2022,9698000,1939600,4849000,2909400
6/22/2022,8834000,1766800,4417000,2650200
1/27/2021,3170000,634000,1585000,951000
9/6/2024,8060000,1612000,4030000,2418000
5/4/2023,6046000,1209200,3023000,1813800
3/11/2022,9974000,1994800,4987000,2992200
8/17/2024,2540000,508000,1270000,762000
5/7/2024,9741000,1948200,4870500,2922300
4/23/2023,3694000,738800,1847000,1108200
12/6/2021,3883000,776600,1941500,1164900
9/8/2023,7779000,1555800,3889500,2333700
7/3/2023,6962000,1392400,3481000,2088600
6/5/2024,3229000,645800,1614500,968700
3/1/2024,5816000,1163200,2908000,1744800
8/27/2022,4638000,927600,2319000,1391400
12/11/2022,6195000,1239000,3097500,1858500
9/12/2024,1165000,233000,582500,349500
11/9/2024,7011000,1402200,3505500,2103300
9/12/2021,1165000,233000,582500,349500
3/10/2022,4116000,823200,2058000,1234800
4/17/2021,2587000,517400,1293500,776100
3/8/2021,2136000,427200,1068000,640800
4/25/2024,2412000,482400,1206000,723600
4/16/2024,7495000,1499000,3747500,2248500
9/29/2021,6345000,1269000,3172500,1903500
11/23/2022,140000,28000,70000,42000
11/6/2021,7799000,1559800,3899500,2339700
10/3/2021,2624000,524800,1312000,787200
6/15/2021,7911000,1582200,3955500,2373300
4/14/2023,5860000,1172000,2930000,1758000
4/7/2022,926000,185200,463000,277800
12/24/2021,4784000,956800,2392000,1435200
1/15/2024,4667000,933400,2333500,1400100
9/24/2024,7665000,1533000,3832500,2299500
11/12/2021,9240000,1848000,4620000,2772000
2/3/2024,9646000,1929200,4823000,2893800
5/29/2022,8903000,1780600,4451500,2670900
3/11/2021,3772000,754400,1886000,1131600
4/14/2024,333000,66600,166500,99900
10/4/2023,1573000,314600,786500,471900
11/7/2021,4817000,963400,2408500,1445100
4/3/2022,5109000,1021800,2554500,1532700
3/2/2024,1164000,232800,582000,349200
9/10/2021,1518000,303600,759000,455400
10/27/2023,940000,188000,470000,282000
6/12/2023,8842000,1768400,4421000,2652600
8/1/2024,4557000,911400,2278500,1367100
10/20/2021,3600000,720000,1800000,1080000
12/11/2021,2200000,440000,1100000,660000
2/2/2024,3431000,686200,1715500,1029300
5/23/2022,1001000,200200,500500,300300
10/25/2024,3700000,740000,1850000,1110000
5/8/2021,3198000,639600,1599000,959400
1/14/2022,2668000,533600,1334000,800400
4/18/2023,2613000,522600,1306500,783900
4/28/2021,5553000,1110600,2776500,1665900
5/12/2024,2994000,598800,1497000,898200
3/6/2023,4423000,884600,2211500,1326900
12/27/2023,6417000,1283400,3208500,1925100
11/30/2021,9691000,1938200,4845500,2907300
2/10/2022,5849000,1169800,2924500,1754700
5/31/2022,8887000,1777400,4443500,2666100
5/28/2024,3910000,782000,1955000,1173000
12/19/2024,9960000,1992000,4980000,2988000
10/25/2021,3096000,619200,1548000,928800
12/27/2021,9617000,1923400,4808500,2885100
7/14/2021,5233000,1046600,2616500,1569900
1/25/2023,2335000,467000,1167500,700500
1/14/2022,9651000,1930200,4825500,2895300
10/20/2022,3283000,656600,1641500,984900
3/22/2023,5633000,1126600,2816500,1689900
12/17/2021,5556000,1111200,2778000,1666800
7/22/2023,4952000,990400,2476000,1485600
12/8/2023,6061000,1212200,3030500,1818300
7/15/2023,6653000,1330600,3326500,1995900
5/21/2024,4670000,934000,2335000,1401000
2/17/2024,1500000,300000,750000,450000
6/16/2022,3542000,708400,1771000,1062600
4/11/2022,9307000,1861400,4653500,2792100
7/16/2023,7776000,1555200,3888000,2332800
1/11/2022,8855000,1771000,4427500,2656500
4/17/2021,5540000,1108000,2770000,1662000
2/19/2023,4508000,901600,2254000,1352400
3/28/2023,7058000,1411600,3529000,2117400
5/31/2024,2402000,480400,1201000,720600
2/4/2021,4805000,961000,2402500,1441500
2/14/2021,5408000,1081600,2704000,1622400
4/20/2024,2959000,591800,1479500,887700
2/25/2021,2328000,465600,1164000,698400
8/11/2024,5749000,1149800,2874500,1724700
2/5/2022,3762000,752400,1881000,1128600
4/10/2023,918000,183600,459000,275400
8/4/2024,1803000,360600,901500,540900
6/12/2024,9704000,1940800,4852000,2911200
2/11/2024,3991000,798200,1995500,1197300
11/2/2024,1492000,298400,746000,447600
5/26/2022,4594000,918800,2297000,1378200
11/17/2021,7418000,1483600,3709000,2225400
5/14/2021,1395000,279000,697500,418500
12/17/2021,6111000,1222200,3055500,1833300
10/9/2023,9099000,1819800,4549500,2729700
7/16/2022,6705000,1341000,3352500,2011500
8/10/2023,5451000,1090200,2725500,1635300
8/1/2022,2447000,489400,1223500,734100
11/1/2024,1564000,312800,782000,469200
5/11/2024,9818000,1963600,4909000,2945400
4/11/2023,3737000,747400,1868500,1121100
7/10/2021,7013000,1402600,3506500,2103900
10/28/2024,6201000,1240200,3100500,1860300
4/14/2023,772000,154400,386000,231600
4/13/2022,2887000,577400,1443500,866100
1/5/2022,6011000,1202200,3005500,1803300
4/30/2021,3687000,737400,1843500,1106100
9/25/2023,3966000,793200,1983000,1189800
4/1/2021,9984000,1996800,4992000,2995200
7/29/2024,736000,147200,368000,220800
11/21/2024,8399000,1679800,4199500,2519700
12/14/2024,5021000,1004200,2510500,1506300
1/11/2024,1816000,363200,908000,544800
9/27/2023,983000,196600,491500,294900
5/18/2022,6842000,1368400,3421000,2052600
4/4/2021,9338000,1867600,4669000,2801400
8/18/2023,542000,108400,271000,162600
8/1/2023,9716000,1943200,4858000,2914800
6/23/2022,2183000,436600,1091500,654900
10/13/2023,3238000,647600,1619000,971400
12/12/2024,595000,119000,297500,178500
12/5/2024,4977000,995400,2488500,1493100
6/4/2021,3109000,621800,1554500,932700
11/11/2023,6978000,1395600,3489000,2093400
3/7/2022,2758000,551600,1379000,827400
12/25/2021,4690000,938000,2345000,1407000
12/24/2023,4211000,842200,2105500,1263300
10/14/2024,7778000,1555600,3889000,2333400
3/22/2021,3221000,644200,1610500,966300
6/9/2021,3365000,673000,1682500,1009500
5/23/2021,4773000,954600,2386500,1431900
8/15/2023,85000,17000,42500,25500
10/14/2023,2457000,491400,1228500,737100
2/12/2024,750000,150000,375000,225000
12/18/2024,8353000,1670600,4176500,2505900
5/27/2024,1665000,333000,832500,499500
4/10/2022,4208000,841600,2104000,1262400
11/11/2022,851000,170200,425500,255300
3/30/2023,9980000,1996000,4990000,2994000
8/20/2022,4841000,968200,2420500,1452300
3/13/2021,7559000,1511800,3779500,2267700
6/20/2024,6645000,1329000,3322500,1993500
1/8/2024,4586000,917200,2293000,1375800
3/22/2023,2086000,417200,1043000,625800
11/21/2022,5627000,1125400,2813500,1688100
12/23/2023,1161000,232200,580500,348300
8/6/2022,8239000,1647800,4119500,2471700
11/21/2024,4874000,974800,2437000,1462200
3/22/2024,6496000,1299200,3248000,1948800
7/23/2023,2863000,572600,1431500,858900
3/13/2022,7715000,1543000,3857500,2314500
2/3/2022,1182000,236400,591000,354600
10/31/2022,2425000,485000,1212500,727500
11/22/2024,2940000,588000,1470000,882000
10/6/2021,3082000,616400,1541000,924600
3/7/2023,6268000,1253600,3134000,1880400
7/22/2022,5232000,1046400,2616000,1569600
11/6/2024,129000,25800,64500,38700
9/8/2022,1705000,341000,852500,511500
11/10/2023,6799000,1359800,3399500,2039700
8/24/2023,8339000,1667800,4169500,2501700
4/23/2023,9501000,1900200,4750500,2850300
1/31/2021,1593000,318600,796500,477900
3/26/2022,1709000,341800,854500,512700
5/6/2023,4408000,881600,2204000,1322400
1/21/2023,9548000,1909600,4774000,2864400
10/25/2022,7871000,1574200,3935500,2361300
2/16/2023,3069000,613800,1534500,920700
9/1/2021,2836000,567200,1418000,850800
3/10/2023,127000,25400,63500,38100
12/31/2021,2475000,495000,1237500,742500
8/7/2024,6741000,1348200,3370500,2022300
6/16/2023,3666000,733200,1833000,1099800
12/25/2022,836000,167200,418000,250800
3/31/2021,989000,197800,494500,296700
12/8/2021,3718000,743600,1859000,1115400
7/2/2022,7695000,1539000,3847500,2308500
8/14/2023,8161000,1632200,4080500,2448300
4/28/2021,7436000,1487200,3718000,2230800
11/28/2023,4777000,955400,2388500,1433100
9/16/2022,774000,154800,387000,232200
11/24/2024,7433000,1486600,3716500,2229900
7/24/2022,9679000,1935800,4839500,2903700
12/24/2022,2702000,540400,1351000,810600
6/25/2023,8339000,1667800,4169500,2501700
7/26/2024,7198000,1439600,3599000,2159400
6/23/2022,4681000,936200,2340500,1404300
9/17/2021,2137000,427400,1068500,641100
1/30/2023,5042000,1008400,2521000,1512600
5/11/2023,5429000,1085800,2714500,1628700
11/22/2022,4154000,830800,2077000,1246200
3/12/2022,156000,31200,78000,46800
2/8/2023,9243000,1848600,4621500,2772900
11/26/2024,7640000,1528000,3820000,2292000
10/19/2022,9251000,1850200,4625500,2775300
9/27/2021,7364000,1472800,3682000,2209200
4/13/2024,5752000,1150400,2876000,1725600
6/24/2023,9250000,1850000,4625000,2775000
9/9/2022,539000,107800,269500,161700
2/24/2022,1672000,334400,836000,501600
4/9/2023,1303000,260600,651500,390900
1/24/2022,5420000,1084000,2710000,1626000
5/23/2024,5410000,1082000,2705000,1623000
11/30/2024,9500000,1900000,4750000,2850000
9/22/2023,379000,75800,189500,113700
7/16/2024,8789000,1757800,4394500,2636700
1/19/2024,3986000,797200,1993000,1195800
7/29/2023,8824000,1764800,4412000,2647200
4/12/2023,6934000,1386800,3467000,2080200
1/2/2022,3377000,675400,1688500,1013100
8/4/2023,7031000,1406200,3515500,2109300
5/28/2022,409000,81800,204500,122700
1/29/2024,1583000,316600,791500,474900
2/1/2021,3175000,635000,1587500,952500
12/16/2024,3989000,797800,1994500,1196700
5/6/2021,1349000,269800,674500,404700
5/20/2023,9174000,1834800,4587000,2752200
4/18/2021,6073000,1214600,3036500,1821900
5/1/2023,7943000,1588600,3971500,2382900
5/30/2021,1056000,211200,528000,316800
3/9/2022,5243000,1048600,2621500,1572900
7/15/2024,5734000,1146800,2867000,1720200
10/2/2024,3706000,741200,1853000,1111800
12/27/2021,849000,169800,424500,254700
5/18/2023,8477000,1695400,4238500,2543100
9/9/2024,431000,86200,215500,129300
6/23/2022,6696000,1339200,3348000,2008800
10/20/2023,5990000,1198000,2995000,1797000
1/23/2024,3413000,682600,1706500,1023900
7/7/2021,3696000,739200,1848000,1108800
1/13/2024,1940000,388000,970000,582000
1/22/2024,155000,31000,77500,46500
10/26/2023,2596000,519200,1298000,778800
7/4/2023,2955000,591000,1477500,886500
8/16/2024,848000,169600,424000,254400
7/1/2022,2198000,439600,1099000,659400
3/31/2021,4343000,868600,2171500,1302900
9/3/2024,5688000,1137600,2844000,1706400
6/2/2022,6789000,1357800,3394500,2036700
6/4/2022,8594000,1718800,4297000,2578200
9/30/2022,8831000,1766200,4415500,2649300
6/22/2024,3293000,658600,1646500,987900
3/22/2024,5097000,1019400,2548500,1529100
11/8/2022,3195000,639000,1597500,958500
4/21/2023,8503000,1700600,4251500,2550900
5/17/2023,6041000,1208200,3020500,1812300
5/7/2022,8628000,1725600,4314000,2588400
8/6/2021,5366000,1073200,2683000,1609800
9/13/2023,4184000,836800,2092000,1255200
8/26/2024,9289000,1857800,4644500,2786700
10/20/2021,5410000,1082000,2705000,1623000
12/30/2023,1785000,357000,892500,535500
4/8/2024,4523000,904600,2261500,1356900
6/29/2024,7756000,1551200,3878000,2326800
8/10/2021,2137000,427400,1068500,641100
6/6/2024,4642000,928400,2321000,1392600
12/2/2023,5912000,1182400,2956000,1773600
1/23/2024,3275000,655000,1637500,982500
3/26/2021,8348000,1669600,4174000,2504400
1/25/2024,7899000,1579800,3949500,2369700
11/29/2022,9722000,1944400,4861000,2916600
4/23/2023,5774000,1154800,2887000,1732200
7/8/2022,8940000,1788000,4470000,2682000
3/24/2023,8571000,1714200,4285500,2571300
9/13/2022,1168000,233600,584000,350400
11/5/2024,8002000,1600400,4001000,2400600
8/22/2023,8355000,1671000,4177500,2506500
2/7/2024,2365000,473000,1182500,709500
7/22/2021,6768000,1353600,3384000,2030400
3/25/2021,8575000,1715000,4287500,2572500
10/14/2024,9987000,1997400,4993500,2996100
7/27/2022,7936000,1587200,3968000,2380800
12/12/2022,6335000,1267000,3167500,1900500
5/14/2023,5080000,1016000,2540000,1524000
5/4/2024,7183000,1436600,3591500,2154900
7/25/2024,5893000,1178600,2946500,1767900
6/19/2023,3216000,643200,1608000,964800
6/11/2023,9210000,1842000,4605000,2763000
2/14/2023,5582000,1116400,2791000,1674600
8/11/2022,3068000,613600,1534000,920400
9/23/2024,8047000,1609400,4023500,2414100
1/23/2023,7368000,1473600,3684000,2210400
10/6/2021,9689000,1937800,4844500,2906700
5/8/2022,5197000,1039400,2598500,1559100
10/30/2022,1993000,398600,996500,597900
9/2/2022,1593000,318600,796500,477900
9/13/2021,7224000,1444800,3612000,2167200
5/13/2022,5770000,1154000,2885000,1731000
7/14/2021,2560000,512000,1280000,768000
10/19/2023,7761000,1552200,3880500,2328300
3/4/2021,480000,96000,240000,144000
4/20/2023,8503000,1700600,4251500,2550900
11/10/2024,8404000,1680800,4202000,2521200
2/18/2024,4796000,959200,2398000,1438800
11/26/2022,144000,28800,72000,43200
5/19/2021,1454000,290800,727000,436200
2/12/2022,3410000,682000,1705000,1023000
4/3/2022,1882000,376400,941000,564600
3/1/2022,7899000,1579800,3949500,2369700
3/11/2023,8639000,1727800,4319500,2591700
5/17/2021,7724000,1544800,3862000,2317200
11/10/2021,3387000,677400,1693500,1016100
12/31/2021,1612000,322400,806000,483600
2/1/2024,7169000,1433800,3584500,2150700
1/4/2024,3804000,760800,1902000,1141200
3/12/2023,5652000,1130400,2826000,1695600
6/29/2021,6093000,1218600,3046500,1827900
2/1/2022,5168000,1033600,2584000,1550400
2/19/2024,7311000,1462200,3655500,2193300
8/24/2022,5450000,1090000,2725000,1635000
9/13/2021,3349000,669800,1674500,1004700
5/24/2023,8932000,1786400,4466000,2679600
4/17/2024,1956000,391200,978000,586800
4/21/2022,4137000,827400,2068500,1241100
5/15/2023,6655000,1331000,3327500,1996500
10/31/2021,4805000,961000,2402500,1441500
5/29/2024,1924000,384800,962000,577200
8/12/2024,6536000,1307200,3268000,1960800
12/26/2022,5399000,1079800,2699500,1619700
6/5/2022,3397000,679400,1698500,1019100
7/17/2022,2098000,419600,1049000,629400
10/12/2022,616000,123200,308000,184800
10/7/2021,1391000,278200,695500,417300
11/5/2023,7162000,1432400,3581000,2148600
10/29/2021,332000,66400,166000,99600
7/2/2021,7051000,1410200,3525500,2115300
3/28/2024,4788000,957600,2394000,1436400
6/17/2024,7105000,1421000,3552500,2131500
5/24/2024,7728000,1545600,3864000,2318400
10/17/2024,90000,18000,45000,27000
4/19/2024,9130000,1826000,4565000,2739000
7/20/2024,750000,150000,375000,225000
4/4/2024,2368000,473600,1184000,710400
4/5/2021,668000,133600,334000,200400
5/14/2024,9636000,1927200,4818000,2890800
6/27/2021,5176000,1035200,2588000,1552800
4/13/2024,6558000,1311600,3279000,1967400
2/10/2022,5848000,1169600,2924000,1754400
9/24/2024,6925000,1385000,3462500,2077500
3/30/2022,3087000,617400,1543500,926100
6/27/2023,708000,141600,354000,212400
12/26/2022,9099000,1819800,4549500,2729700
6/7/2024,8448000,1689600,4224000,2534400
9/18/2022,1322000,264400,661000,396600
3/18/2022,8583000,1716600,4291500,2574900
3/9/2021,7608000,1521600,3804000,2282400
5/1/2023,834000,166800,417000,250200
4/28/2021,2914000,582800,1457000,874200
10/18/2021,6805000,1361000,3402500,2041500
5/3/2021,9171000,1834200,4585500,2751300
5/17/2023,1186000,237200,593000,355800
11/2/2021,851000,170200,425500,255300
6/8/2024,135000,27000,67500,40500
10/3/2024,7900000,1580000,3950000,2370000
1/8/2024,7023000,1404600,3511500,2106900
11/27/2022,8530000,1706000,4265000,2559000
7/25/2021,5943000,1188600,2971500,1782900
11/20/2022,8846000,1769200,4423000,2653800
6/5/2023,7483000,1496600,3741500,2244900
12/16/2021,4775000,955000,2387500,1432500
9/25/2021,5291000,1058200,2645500,1587300
8/28/2022,8104000,1620800,4052000,2431200
9/21/2021,384000,76800,192000,115200
10/27/2023,9276000,1855200,4638000,2782800
10/7/2024,2326000,465200,1163000,697800
3/19/2023,9965000,1993000,4982500,2989500
1/16/2022,7906000,1581200,3953000,2371800
8/12/2023,5860000,1172000,2930000,1758000
5/28/2023,4330000,866000,2165000,1299000
9/5/2022,4708000,941600,2354000,1412400
9/23/2023,6489000,1297800,3244500,1946700
4/24/2021,8432000,1686400,4216000,2529600
2/23/2024,3074000,614800,1537000,922200
8/10/2024,5232000,1046400,2616000,1569600
4/8/2021,7132000,1426400,3566000,2139600
8/15/2024,3814000,762800,1907000,1144200
9/9/2024,7987000,1597400,3993500,2396100
8/30/2021,6386000,1277200,3193000,1915800
2/9/2024,8940000,1788000,4470000,2682000
10/21/2021,7637000,1527400,3818500,2291100
6/10/2021,8106000,1621200,4053000,2431800
7/9/2023,2543000,508600,1271500,762900
7/15/2021,4040000,808000,2020000,1212000
9/11/2023,3228000,645600,1614000,968400
8/10/2021,9910000,1982000,4955000,2973000
3/20/2023,5646000,1129200,2823000,1693800
3/21/2023,4815000,963000,2407500,1444500
9/11/2024,9960000,1992000,4980000,2988000
9/20/2022,7240000,1448000,3620000,2172000
9/9/2024,7233000,1446600,3616500,2169900
2/28/2023,3792000,758400,1896000,1137600
7/16/2024,7510000,1502000,3755000,2253000
12/5/2022,155000,31000,77500,46500
9/2/2022,1457000,291400,728500,437100
9/16/2022,1364000,272800,682000,409200
10/5/2022,3583000,716600,1791500,1074900
11/30/2022,8561000,1712200,4280500,2568300
8/5/2022,8751000,1750200,4375500,2625300
1/19/2021,3998000,799600,1999000,1199400
1/16/2023,2801000,560200,1400500,840300
12/5/2021,5004000,1000800,2502000,1501200
9/17/2023,6494000,1298800,3247000,1948200
2/5/2024,9510000,1902000,4755000,2853000
9/22/2024,1063000,212600,531500,318900
9/10/2024,7683000,1536600,3841500,2304900
12/5/2024,907000,181400,453500,272100
2/26/2021,6015000,1203000,3007500,1804500
9/26/2022,794000,158800,397000,238200
9/16/2023,3754000,750800,1877000,1126200
9/15/2022,5692000,1138400,2846000,1707600
11/25/2024,8705000,1741000,4352500,2611500
5/20/2023,3269000,653800,1634500,980700
3/24/2024,8850000,1770000,4425000,2655000
11/24/2021,1874000,374800,937000,562200
9/22/2021,9847000,1969400,4923500,2954100
2/27/2022,2860000,572000,1430000,858000
5/23/2021,5375000,1075000,2687500,1612500
9/5/2024,2083000,416600,1041500,624900
9/30/2022,4028000,805600,2014000,1208400
8/13/2021,8931000,1786200,4465500,2679300
10/11/2021,9255000,1851000,4627500,2776500
10/28/2022,7325000,1465000,3662500,2197500
11/5/2024,6317000,1263400,3158500,1895100
11/16/2022,1425000,285000,712500,427500
9/16/2021,358000,71600,179000,107400
3/16/2024,3842000,768400,1921000,1152600
2/21/2022,3665000,733000,1832500,1099500
10/13/2023,6259000,1251800,3129500,1877700
1/11/2022,3778000,755600,1889000,1133400
8/9/2023,3811000,762200,1905500,1143300
5/23/2023,6911000,1382200,3455500,2073300
8/27/2022,5078000,1015600,2539000,1523400
6/23/2021,3072000,614400,1536000,921600
5/12/2024,9614000,1922800,4807000,2884200
12/4/2024,4682000,936400,2341000,1404600
8/29/2023,7310000,1462000,3655000,2193000
6/11/2022,185000,37000,92500,55500
2/17/2021,8457000,1691400,4228500,2537100
1/18/2024,1841000,368200,920500,552300
9/28/2024,2884000,576800,1442000,865200
5/15/2023,8255000,1651000,4127500,2476500
4/25/2021,8968000,1793600,4484000,2690400
11/12/2024,7962000,1592400,3981000,2388600
1/6/2022,6477000,1295400,3238500,1943100
10/23/2024,8047000,1609400,4023500,2414100
11/10/2023,5967000,1193400,2983500,1790100
4/14/2024,110000,22000,55000,33000
9/15/2023,3203000,640600,1601500,960900
7/15/2023,8616000,1723200,4308000,2584800
9/6/2021,4513000,902600,2256500,1353900
4/20/2021,6239000,1247800,3119500,1871700
3/14/2024,7191000,1438200,3595500,2157300
8/22/2024,879000,175800,439500,263700
6/9/2022,4366000,873200,2183000,1309800
12/12/2022,5167000,1033400,2583500,1550100
10/15/2024,1698000,339600,849000,509400
5/18/2022,3495000,699000,1747500,1048500
6/9/2021,7050000,1410000,3525000,2115000
5/19/2023,9433000,1886600,4716500,2829900
8/17/2021,1644000,328800,822000,493200
6/24/2022,9371000,1874200,4685500,2811300
7/19/2022,1939000,387800,969500,581700
9/19/2022,4015000,803000,2007500,1204500
11/15/2023,690000,138000,345000,207000
6/6/2022,7643000,1528600,3821500,2292900
10/8/2022,4907000,981400,2453500,1472100
9/28/2023,7546000,1509200,3773000,2263800
5/8/2021,382000,76400,191000,114600
3/5/2022,1469000,293800,734500,440700
2/6/2024,6999000,1399800,3499500,2099700
6/20/2024,4976000,995200,2488000,1492800
2/18/2023,7810000,1562000,3905000,2343000
11/7/2023,7107000,1421400,3553500,2132100
3/24/2023,2269000,453800,1134500,680700
11/7/2022,6390000,1278000,3195000,1917000
12/2/2021,5877000,1175400,2938500,1763100
11/3/2023,7136000,1427200,3568000,2140800
5/25/2021,217000,43400,108500,65100
3/12/2024,7948000,1589600,3974000,2384400
1/31/2023,5033000,1006600,2516500,1509900
2/25/2024,7117000,1423400,3558500,2135100
1/30/2024,120000,24000,60000,36000
8/26/2023,960000,192000,480000,288000
3/28/2023,174000,34800,87000,52200
10/2/2021,9583000,1916600,4791500,2874900
8/27/2021,8011000,1602200,4005500,2403300
1/5/2023,1095000,219000,547500,328500
7/24/2022,4170000,834000,2085000,1251000
5/5/2021,6242000,1248400,3121000,1872600
5/17/2024,3503000,700600,1751500,1050900
9/10/2024,7112000,1422400,3556000,2133600
8/4/2022,2068000,413600,1034000,620400
9/26/2022,1685000,337000,842500,505500
8/17/2023,2805000,561000,1402500,841500
4/12/2021,5143000,1028600,2571500,1542900
11/13/2021,1190000,238000,595000,357000
11/30/2022,4170000,834000,2085000,1251000
9/26/2021,6125000,1225000,3062500,1837500
11/3/2022,7919000,1583800,3959500,2375700
5/7/2021,993000,198600,496500,297900
11/5/2024,7711000,1542200,3855500,2313300
9/26/2021,3993000,798600,1996500,1197900
11/11/2023,3391000,678200,1695500,1017300
9/13/2021,8302000,1660400,4151000,2490600
1/11/2022,4304000,860800,2152000,1291200
11/9/2021,6735000,1347000,3367500,2020500
3/25/2023,3772000,754400,1886000,1131600
11/24/2024,4535000,907000,2267500,1360500
3/10/2022,9703000,1940600,4851500,2910900
9/21/2021,8474000,1694800,4237000,2542200
11/1/2021,1331000,266200,665500,399300
10/7/2024,6373000,1274600,3186500,1911900
5/27/2023,6148000,1229600,3074000,1844400
5/29/2021,7601000,1520200,3800500,2280300
4/29/2021,759000,151800,379500,227700
11/1/2023,3114000,622800,1557000,934200
1/14/2022,4063000,812600,2031500,1218900
12/14/2022,2800000,560000,1400000,840000
2/2/2022,5893000,1178600,2946500,1767900
6/17/2022,9276000,1855200,4638000,2782800
2/13/2024,1746000,349200,873000,523800
3/6/2022,684000,136800,342000,205200
12/4/2023,4403000,880600,2201500,1320900
6/21/2022,4597000,919400,2298500,1379100
12/24/2021,9712000,1942400,4856000,2913600
12/30/2022,293000,58600,146500,87900
8/25/2023,5720000,1144000,2860000,1716000
10/28/2023,6496000,1299200,3248000,1948800
8/25/2024,5699000,1139800,2849500,1709700
4/21/2023,4927000,985400,2463500,1478100
3/24/2022,8239000,1647800,4119500,2471700
4/1/2023,2993000,598600,1496500,897900
1/1/2022,1473000,294600,736500,441900
1/6/2024,9823000,1964600,4911500,2946900
6/19/2022,3524000,704800,1762000,1057200
7/11/2022,3568000,713600,1784000,1070400
8/30/2021,222000,44400,111000,66600
2/6/2024,4794000,958800,2397000,1438200
4/20/2024,9573000,1914600,4786500,2871900
12/11/2022,2248000,449600,1124000,674400
8/11/2021,9187000,1837400,4593500,2756100
4/10/2022,9802000,1960400,4901000,2940600
12/6/2022,6484000,1296800,3242000,1945200
7/21/2021,3142000,628400,1571000,942600
8/18/2022,5654000,1130800,2827000,1696200
9/6/2022,1487000,297400,743500,446100
3/14/2023,7832000,1566400,3916000,2349600
8/21/2022,1043000,208600,521500,312900
10/17/2022,462000,92400,231000,138600
6/15/2021,5550000,1110000,2775000,1665000
3/7/2023,8883000,1776600,4441500,2664900
10/25/2024,1967000,393400,983500,590100
11/11/2022,9099000,1819800,4549500,2729700
2/11/2022,3951000,790200,1975500,1185300
4/18/2021,4139000,827800,2069500,1241700
10/19/2024,7977000,1595400,3988500,2393100
10/27/2021,928000,185600,464000,278400
3/29/2024,6372000,1274400,3186000,1911600
9/9/2024,1659000,331800,829500,497700
12/8/2024,6822000,1364400,3411000,2046600
12/1/2024,9720000,1944000,4860000,2916000
3/17/2023,2569000,513800,1284500,770700
6/1/2022,6177000,1235400,3088500,1853100
8/21/2024,2710000,542000,1355000,813000
10/30/2023,8959000,1791800,4479500,2687700
5/16/2024,8390000,1678000,4195000,2517000
6/24/2023,6428000,1285600,3214000,1928400
7/29/2023,7374000,1474800,3687000,2212200
11/5/2023,3552000,710400,1776000,1065600
7/8/2023,1483000,296600,741500,444900
7/4/2024,1137000,227400,568500,341100
3/15/2021,6285000,1257000,3142500,1885500
8/17/2022,8323000,1664600,4161500,2496900
11/1/2023,1101000,220200,550500,330300
4/1/2024,2602000,520400,1301000,780600
9/11/2021,8816000,1763200,4408000,2644800
4/13/2022,6705000,1341000,3352500,2011500
10/5/2022,6731000,1346200,3365500,2019300
8/1/2023,9644000,1928800,4822000,2893200
9/29/2022,7863000,1572600,3931500,2358900
3/11/2022,4106000,821200,2053000,1231800
7/29/2021,7054000,1410800,3527000,2116200
4/21/2022,9550000,1910000,4775000,2865000
4/30/2024,3117000,623400,1558500,935100
3/3/2022,6814000,1362800,3407000,2044200
4/5/2022,6641000,1328200,3320500,1992300
6/22/2022,1644000,328800,822000,493200
7/29/2024,3907000,781400,1953500,1172100
3/9/2024,5857000,1171400,2928500,1757100
8/5/2023,7997000,1599400,3998500,2399100
4/9/2024,4262000,852400,2131000,1278600
10/24/2024,4443000,888600,2221500,1332900
9/29/2021,285000,57000,142500,85500
3/6/2021,4349000,869800,2174500,1304700
12/28/2023,1449000,289800,724500,434700
4/8/2024,2863000,572600,1431500,858900
8/23/2023,6635000,1327000,3317500,1990500
10/6/2024,1631000,326200,815500,489300
1/25/2021,8866000,1773200,4433000,2659800
2/28/2021,9001000,1800200,4500500,2700300
3/8/2023,7350000,1470000,3675000,2205000
9/17/2021,2246000,449200,1123000,673800
7/23/2022,1492000,298400,746000,447600
6/11/2022,7979000,1595800,3989500,2393700
6/3/2023,9415000,1883000,4707500,2824500
3/27/2023,1285000,257000,642500,385500
4/8/2023,8226000,1645200,4113000,2467800
9/23/2024,7283000,1456600,3641500,2184900
12/25/2022,1602000,320400,801000,480600
1/27/2024,6027000,1205400,3013500,1808100
4/30/2021,1513000,302600,756500,453900
6/17/2023,8072000,1614400,4036000,2421600
10/14/2021,1624000,324800,812000,487200
6/28/2024,4355000,871000,2177500,1306500
11/25/2024,8166000,1633200,4083000,2449800
5/3/2022,2268000,453600,1134000,680400
3/15/2023,4199000,839800,2099500,1259700
8/13/2022,9352000,1870400,4676000,2805600
10/20/2022,7127000,1425400,3563500,2138100
10/27/2023,1338000,267600,669000,401400
3/3/2021,8773000,1754600,4386500,2631900
9/12/2023,9356000,1871200,4678000,2806800
8/10/2022,1369000,273800,684500,410700
5/22/2022,8216000,1643200,4108000,2464800
9/4/2022,2770000,554000,1385000,831000
12/5/2024,9948000,1989600,4974000,2984400
2/21/2022,8986000,1797200,4493000,2695800
5/28/2022,1535000,307000,767500,460500
9/2/2021,89000,17800,44500,26700
2/22/2024,3624000,724800,1812000,1087200
11/21/2024,8315000,1663000,4157500,2494500
2/28/2023,3011000,602200,1505500,903300
5/27/2024,6245000,1249000,3122500,1873500
3/10/2023,6977000,1395400,3488500,2093100
12/28/2023,4894000,978800,2447000,1468200
12/30/2023,4568000,913600,2284000,1370400
1/28/2022,2339000,467800,1169500,701700
4/3/2022,6401000,1280200,3200500,1920300
10/10/2024,2229000,445800,1114500,668700
7/8/2022,1396000,279200,698000,418800
8/29/2021,6936000,1387200,3468000,2080800
4/26/2021,9862000,1972400,4931000,2958600
9/11/2023,2197000,439400,1098500,659100
10/18/2023,9679000,1935800,4839500,2903700
1/21/2023,2947000,589400,1473500,884100
5/6/2024,9897000,1979400,4948500,2969100
12/5/2021,7305000,1461000,3652500,2191500
10/29/2022,5167000,1033400,2583500,1550100
3/10/2022,3833000,766600,1916500,1149900
6/20/2021,1072000,214400,536000,321600
11/4/2024,9808000,1961600,4904000,2942400
9/23/2023,7864000,1572800,3932000,2359200
11/25/2022,3756000,751200,1878000,1126800
1/11/2023,4532000,906400,2266000,1359600
5/16/2021,937000,187400,468500,281100
7/4/2024,6173000,1234600,3086500,1851900
12/11/2024,7848000,1569600,3924000,2354400
1/25/2022,3719000,743800,1859500,1115700
3/24/2023,9618000,1923600,4809000,2885400
10/11/2023,8996000,1799200,4498000,2698800
3/1/2024,8257000,1651400,4128500,2477100
12/16/2024,9973000,1994600,4986500,2991900
1/14/2022,3328000,665600,1664000,998400
6/8/2024,1234000,246800,617000,370200
2/25/2021,4074000,814800,2037000,1222200
6/14/2021,4027000,805400,2013500,1208100
8/14/2023,1979000,395800,989500,593700
3/20/2022,1710000,342000,855000,513000
10/3/2021,2739000,547800,1369500,821700
4/23/2023,6438000,1287600,3219000,1931400
1/10/2024,8714000,1742800,4357000,2614200
8/10/2022,7900000,1580000,3950000,2370000
10/27/2021,6070000,1214000,3035000,1821000
11/12/2024,2303000,460600,1151500,690900
5/18/2024,9618000,1923600,4809000,2885400
4/26/2023,4732000,946400,2366000,1419600
10/19/2022,1855000,371000,927500,556500
1/6/2022,8279000,1655800,4139500,2483700
12/4/2021,8358000,1671600,4179000,2507400
7/10/2022,9683000,1936600,4841500,2904900
3/4/2021,2608000,521600,1304000,782400
2/20/2021,9905000,1981000,4952500,2971500
7/10/2021,2263000,452600,1131500,678900
7/24/2021,5843000,1168600,2921500,1752900
6/10/2022,3469000,693800,1734500,1040700
9/27/2022,6024000,1204800,3012000,1807200
12/19/2024,3225000,645000,1612500,967500
2/2/2022,9333000,1866600,4666500,2799900
1/30/2023,8221000,1644200,4110500,2466300
9/26/2022,4547000,909400,2273500,1364100
12/6/2023,5849000,1169800,2924500,1754700
4/1/2024,1816000,363200,908000,544800
2/6/2022,5291000,1058200,2645500,1587300
3/12/2024,6150000,1230000,3075000,1845000
10/15/2022,9945000,1989000,4972500,2983500
5/17/2021,4820000,964000,2410000,1446000
5/1/2021,3812000,762400,1906000,1143600
5/21/2023,3671000,734200,1835500,1101300
5/21/2022,778000,155600,389000,233400
11/22/2021,1730000,346000,865000,519000
9/10/2021,272000,54400,136000,81600
10/12/2022,9940000,1988000,4970000,2982000
7/20/2022,7759000,1551800,3879500,2327700
9/24/2021,1892000,378400,946000,567600
10/3/2022,4436000,887200,2218000,1330800
8/10/2024,3282000,656400,1641000,984600
3/4/2021,6425000,1285000,3212500,1927500
5/22/2024,9063000,1812600,4531500,2718900
9/8/2024,9262000,1852400,4631000,2778600
7/2/2021,2593000,518600,1296500,777900
6/17/2024,839000,167800,419500,251700
5/17/2021,1905000,381000,952500,571500
3/23/2022,2253000,450600,1126500,675900
5/17/2023,4815000,963000,2407500,1444500
12/17/2024,5926000,1185200,2963000,1777800
9/12/2024,3191000,638200,1595500,957300
3/8/2024,5921000,1184200,2960500,1776300
5/27/2024,5159000,1031800,2579500,1547700
6/13/2023,2747000,549400,1373500,824100
7/11/2023,1067000,213400,533500,320100
2/18/2024,1070000,214000,535000,321000
2/4/2022,5836000,1167200,2918000,1750800
9/25/2023,7268000,1453600,3634000,2180400
3/25/2021,7631000,1526200,3815500,2289300
7/24/2022,6002000,1200400,3001000,1800600
6/20/2022,1158000,231600,579000,347400
5/18/2021,256000,51200,128000,76800
6/1/2022,3929000,785800,1964500,1178700
10/8/2021,5423000,1084600,2711500,1626900
10/14/2024,8978000,1795600,4489000,2693400
6/24/2022,7739000,1547800,3869500,2321700
3/24/2023,6285000,1257000,3142500,1885500
9/7/2024,1724000,344800,862000,517200
11/11/2022,3764000,752800,1882000,1129200
2/15/2021,5129000,1025800,2564500,1538700
4/25/2022,4552000,910400,2276000,1365600
8/29/2022,1833000,366600,916500,549900
9/19/2023,2767000,553400,1383500,830100
4/18/2023,6656000,1331200,3328000,1996800
11/6/2022,9084000,1816800,4542000,2725200
7/3/2022,4579000,915800,2289500,1373700
11/21/2024,3627000,725400,1813500,1088100
11/1/2022,4722000,944400,2361000,1416600
11/25/2023,6298000,1259600,3149000,1889400
5/10/2024,6486000,1297200,3243000,1945800
1/1/2023,6641000,1328200,3320500,1992300
1/8/2022,1832000,366400,916000,549600
2/2/2022,6708000,1341600,3354000,2012400
1/11/2022,1060000,212000,530000,318000
8/25/2023,221000,44200,110500,66300
12/4/2022,3243000,648600,1621500,972900
10/24/2024,2767000,553400,1383500,830100
11/7/2021,6039000,1207800,3019500,1811700
3/10/2021,631000,126200,315500,189300
5/25/2023,572000,114400,286000,171600
2/9/2023,7805000,1561000,3902500,2341500
9/2/2023,7421000,1484200,3710500,2226300
3/11/2023,7237000,1447400,3618500,2171100
8/8/2024,3241000,648200,1620500,972300
5/12/2024,650000,130000,325000,195000
7/15/2021,3338000,667600,1669000,1001400
6/16/2023,4257000,851400,2128500,1277100
10/1/2023,155000,31000,77500,46500
2/10/2023,5445000,1089000,2722500,1633500
7/27/2021,2233000,446600,1116500,669900
12/24/2021,9387000,1877400,4693500,2816100
5/25/2021,9306000,1861200,4653000,2791800
7/29/2022,2875000,575000,1437500,862500
11/17/2023,1093000,218600,546500,327900
7/13/2023,8975000,1795000,4487500,2692500
7/17/2021,6762000,1352400,3381000,2028600
3/31/2021,4044000,808800,2022000,1213200
3/16/2024,3740000,748000,1870000,1122000
7/25/2021,9554000,1910800,4777000,2866200
3/19/2022,2925000,585000,1462500,877500
2/22/2022,357000,71400,178500,107100
2/13/2024,8119000,1623800,4059500,2435700
3/20/2021,2212000,442400,1106000,663600
12/20/2021,6975000,1395000,3487500,2092500
4/11/2021,7815000,1563000,3907500,2344500
8/14/2021,1802000,360400,901000,540600
5/10/2022,1359000,271800,679500,407700
6/13/2024,8056000,1611200,4028000,2416800
9/6/2021,1781000,356200,890500,534300
3/10/2023,2220000,444000,1110000,666000
3/30/2023,6809000,1361800,3404500,2042700
2/23/2024,2418000,483600,1209000,725400
8/25/2024,4447000,889400,2223500,1334100
4/20/2021,4039000,807800,2019500,1211700
9/5/2022,226000,45200,113000,67800
11/22/2021,1998000,399600,999000,599400
6/17/2022,1101000,220200,550500,330300
1/31/2021,6827000,1365400,3413500,2048100
12/11/2024,166000,33200,83000,49800
1/17/2021,7819000,1563800,3909500,2345700
5/13/2023,8592000,1718400,4296000,2577600
2/7/2022,9785000,1957000,4892500,2935500
8/14/2023,4353000,870600,2176500,1305900
11/26/2021,9088000,1817600,4544000,2726400
7/16/2021,9284000,1856800,4642000,2785200
11/29/2023,1485000,297000,742500,445500
4/22/2024,2730000,546000,1365000,819000
1/26/2023,4389000,877800,2194500,1316700
4/29/2021,7850000,1570000,3925000,2355000
4/3/2023,1041000,208200,520500,312300
10/11/2021,6769000,1353800,3384500,2030700
3/25/2023,2688000,537600,1344000,806400
8/12/2023,2279000,455800,1139500,683700
6/27/2022,9883000,1976600,4941500,2964900
7/6/2023,9525000,1905000,4762500,2857500
11/4/2023,4380000,876000,2190000,1314000
4/11/2024,6983000,1396600,3491500,2094900
7/30/2022,4316000,863200,2158000,1294800
9/11/2024,3306000,661200,1653000,991800
11/29/2021,8808000,1761600,4404000,2642400
3/22/2022,9244000,1848800,4622000,2773200
4/3/2023,1512000,302400,756000,453600
11/6/2023,4128000,825600,2064000,1238400
6/12/2023,6671000,1334200,3335500,2001300
1/16/2022,5198000,1039600,2599000,1559400
4/16/2022,6750000,1350000,3375000,2025000
11/4/2022,442000,88400,221000,132600
7/17/2021,4842000,968400,2421000,1452600
11/1/2024,7606000,1521200,3803000,2281800
2/9/2023,962000,192400,481000,288600
4/10/2023,8707000,1741400,4353500,2612100
5/12/2021,5381000,1076200,2690500,1614300
8/24/2023,1468000,293600,734000,440400
4/4/2022,5203000,1040600,2601500,1560900
5/21/2023,7411000,1482200,3705500,2223300
6/21/2021,5119000,1023800,2559500,1535700
3/23/2023,74000,14800,37000,22200
7/20/2022,8893000,1778600,4446500,2667900
1/14/2024,9416000,1883200,4708000,2824800
12/11/2024,1134000,226800,567000,340200
11/18/2023,157000,31400,78500,47100
6/7/2021,5979000,1195800,2989500,1793700
12/9/2024,7277000,1455400,3638500,2183100
10/30/2023,4807000,961400,2403500,1442100
2/10/2023,7038000,1407600,3519000,2111400
1/31/2022,9785000,1957000,4892500,2935500
4/19/2021,9312000,1862400,4656000,2793600
5/14/2021,3955000,791000,1977500,1186500
4/26/2021,5401000,1080200,2700500,1620300
3/23/2023,8908000,1781600,4454000,2672400
10/5/2021,9941000,1988200,4970500,2982300
4/13/2024,2154000,430800,1077000,646200
3/12/2024,8465000,1693000,4232500,2539500
4/30/2021,7602000,1520400,3801000,2280600
12/14/2024,8483000,1696600,4241500,2544900
10/24/2024,1636000,327200,818000,490800
2/9/2022,9783000,1956600,4891500,2934900
7/14/2024,4117000,823400,2058500,1235100
4/17/2021,3894000,778800,1947000,1168200
12/20/2023,2288000,457600,1144000,686400
5/24/2022,4185000,837000,2092500,1255500
12/4/2021,200000,40000,100000,60000
7/3/2023,8603000,1720600,4301500,2580900
7/27/2022,4549000,909800,2274500,1364700
2/26/2021,4492000,898400,2246000,1347600
4/8/2024,4864000,972800,2432000,1459200
4/1/2024,4864000,972800,2432000,1459200
6/20/2021,3404000,680800,1702000,1021200
10/19/2021,6932000,1386400,3466000,2079600
10/30/2021,7103000,1420600,3551500,2130900
8/15/2024,3285000,657000,1642500,985500
11/29/2022,5346000,1069200,2673000,1603800
6/2/2021,6507000,1301400,3253500,1952100
2/5/2024,762000,152400,381000,228600
6/6/2021,2611000,522200,1305500,783300
8/10/2024,4458000,891600,2229000,1337400
3/31/2022,2764000,552800,1382000,829200
1/10/2024,2695000,539000,1347500,808500
8/6/2022,3805000,761000,1902500,1141500
8/29/2021,3791000,758200,1895500,1137300
10/18/2024,2559000,511800,1279500,767700
11/23/2021,5648000,1129600,2824000,1694400
5/4/2021,475000,95000,237500,142500
8/17/2021,2316000,463200,1158000,694800
12/5/2024,7116000,1423200,3558000,2134800
12/11/2022,5396000,1079200,2698000,1618800
5/16/2021,5741000,1148200,2870500,1722300
10/28/2023,491000,98200,245500,147300
6/1/2024,394000,78800,197000,118200
9/8/2024,5981000,1196200,2990500,1794300
11/25/2021,4498000,899600,2249000,1349400
6/4/2023,7881000,1576200,3940500,2364300
7/14/2024,439000,87800,219500,131700
8/29/2022,6469000,1293800,3234500,1940700
7/30/2024,3404000,680800,1702000,1021200
1/24/2023,8299000,1659800,4149500,2489700
4/15/2022,5579000,1115800,2789500,1673700
11/23/2021,7588000,1517600,3794000,2276400
8/22/2024,4537000,907400,2268500,1361100
8/6/2022,490000,98000,245000,147000
9/18/2022,839000,167800,419500,251700
7/7/2021,5744000,1148800,2872000,1723200
5/8/2021,5642000,1128400,2821000,1692600
5/28/2023,1505000,301000,752500,451500
11/16/2021,2533000,506600,1266500,759900
4/3/2021,2032000,406400,1016000,609600
2/5/2023,6389000,1277800,3194500,1916700
2/15/2024,3262000,652400,1631000,978600
3/10/2024,7129000,1425800,3564500,2138700
12/14/2023,2920000,584000,1460000,876000
3/24/2022,2140000,428000,1070000,642000
6/26/2023,5132000,1026400,2566000,1539600
9/26/2024,6726000,1345200,3363000,2017800
11/30/2021,410000,82000,205000,123000
5/6/2023,2687000,537400,1343500,806100
11/6/2022,9484000,1896800,4742000,2845200
8/28/2021,2831000,566200,1415500,849300
12/12/2024,1152000,230400,576000,345600
1/2/2023,7116000,1423200,3558000,2134800
2/7/2023,4380000,876000,2190000,1314000
7/27/2021,428000,85600,214000,128400
10/15/2024,7764000,1552800,3882000,2329200
5/22/2024,4813000,962600,2406500,1443900
5/9/2023,5517000,1103400,2758500,1655100
9/24/2021,2131000,426200,1065500,639300
9/9/2021,7710000,1542000,3855000,2313000
12/9/2022,8707000,1741400,4353500,2612100
10/26/2021,3782000,756400,1891000,1134600
11/22/2024,9984000,1996800,4992000,2995200
3/25/2021,7682000,1536400,3841000,2304600
9/8/2022,7143000,1428600,3571500,2142900
6/7/2024,4857000,971400,2428500,1457100
9/7/2024,82000,16400,41000,24600
12/14/2023,2105000,421000,1052500,631500
8/24/2024,5056000,1011200,2528000,1516800
7/23/2023,2635000,527000,1317500,790500
7/27/2021,3811000,762200,1905500,1143300
3/21/2021,9608000,1921600,4804000,2882400
3/11/2024,4053000,810600,2026500,1215900
7/3/2021,4947000,989400,2473500,1484100
6/24/2024,6879000,1375800,3439500,2063700
10/2/2022,9063000,1812600,4531500,2718900
5/14/2023,6343000,1268600,3171500,1902900
5/16/2021,6826000,1365200,3413000,2047800
9/3/2021,1924000,384800,962000,577200
11/13/2024,739000,147800,369500,221700
11/1/2024,8250000,1650000,4125000,2475000
11/20/2023,8510000,1702000,4255000,2553000
11/2/2023,3275000,655000,1637500,982500
7/6/2024,8003000,1600600,4001500,2400900
9/21/2022,6739000,1347800,3369500,2021700
10/2/2021,5888000,1177600,2944000,1766400
10/31/2021,5814000,1162800,2907000,1744200
6/30/2024,7398000,1479600,3699000,2219400
2/24/2022,5003000,1000600,2501500,1500900
2/7/2023,6741000,1348200,3370500,2022300
11/1/2024,6408000,1281600,3204000,1922400
8/26/2022,1044000,208800,522000,313200
7/4/2021,4699000,939800,2349500,1409700
11/2/2021,4796000,959200,2398000,1438800
8/26/2021,7068000,1413600,3534000,2120400
6/9/2023,780000,156000,390000,234000
5/5/2023,7705000,1541000,3852500,2311500
1/12/2023,9664000,1932800,4832000,2899200
9/14/2021,2835000,567000,1417500,850500
3/31/2023,7230000,1446000,3615000,2169000
1/25/2022,8193000,1638600,4096500,2457900
10/25/2024,4768000,953600,2384000,1430400
5/3/2021,8727000,1745400,4363500,2618100
6/14/2022,5461000,1092200,2730500,1638300
9/27/2021,2359000,471800,1179500,707700
6/13/2024,368000,73600,184000,110400
8/12/2023,4798000,959600,2399000,1439400
9/11/2021,7535000,1507000,3767500,2260500
4/21/2023,9075000,1815000,4537500,2722500
7/11/2021,8758000,1751600,4379000,2627400
6/29/2021,3271000,654200,1635500,981300
6/7/2021,7953000,1590600,3976500,2385900
7/23/2023,708000,141600,354000,212400
8/5/2024,6384000,1276800,3192000,1915200
5/20/2022,1200000,240000,600000,360000
8/7/2021,4382000,876400,2191000,1314600
8/17/2021,7293000,1458600,3646500,2187900
3/20/2023,1625000,325000,812500,487500
3/6/2023,4409000,881800,2204500,1322700
8/19/2021,3362000,672400,1681000,1008600
12/28/2022,5944000,1188800,2972000,1783200
3/26/2021,2012000,402400,1006000,603600
7/12/2023,758000,151600,379000,227400
3/10/2022,929000,185800,464500,278700
6/16/2023,2385000,477000,1192500,715500
1/28/2021,7281000,1456200,3640500,2184300
12/10/2024,1215000,243000,607500,364500
7/18/2023,9752000,1950400,4876000,2925600
10/2/2024,6510000,1302000,3255000,1953000
10/25/2021,1761000,352200,880500,528300
6/2/2023,1955000,391000,977500,586500
6/5/2021,7365000,1473000,3682500,2209500
3/18/2024,2236000,447200,1118000,670800
12/11/2023,2269000,453800,1134500,680700
4/13/2021,9027000,1805400,4513500,2708100
9/8/2023,3993000,798600,1996500,1197900
1/24/2023,4930000,986000,2465000,1479000
10/12/2023,3182000,636400,1591000,954600
4/8/2022,9568000,1913600,4784000,2870400
10/31/2023,323000,64600,161500,96900
4/5/2021,9263000,1852600,4631500,2778900
10/30/2023,1383000,276600,691500,414900
10/14/2022,3471000,694200,1735500,1041300
4/17/2022,9783000,1956600,4891500,2934900
3/15/2023,2147000,429400,1073500,644100
10/24/2024,377000,75400,188500,113100
5/11/2022,1428000,285600,714000,428400
5/8/2021,7020000,1404000,3510000,2106000
4/13/2024,5195000,1039000,2597500,1558500
6/1/2021,5299000,1059800,2649500,1589700
11/17/2021,9409000,1881800,4704500,2822700
1/23/2021,8494000,1698800,4247000,2548200
10/27/2021,6380000,1276000,3190000,1914000
9/12/2022,6983000,1396600,3491500,2094900
7/24/2022,8596000,1719200,4298000,2578800
7/7/2024,4378000,875600,2189000,1313400
3/5/2022,1775000,355000,887500,532500
7/7/2023,7351000,1470200,3675500,2205300
5/27/2023,8802000,1760400,4401000,2640600
3/13/2023,8632000,1726400,4316000,2589600
8/27/2023,7947000,1589400,3973500,2384100
11/26/2022,8381000,1676200,4190500,2514300
3/7/2022,2314000,462800,1157000,694200
7/9/2023,9793000,1958600,4896500,2937900
8/17/2023,1772000,354400,886000,531600
10/3/2021,6683000,1336600,3341500,2004900
4/7/2021,7282000,1456400,3641000,2184600
11/17/2024,1202000,240400,601000,360600
12/2/2021,8558000,1711600,4279000,2567400
3/29/2023,2465000,493000,1232500,739500
6/24/2024,2562000,512400,1281000,768600
10/31/2021,6817000,1363400,3408500,2045100
10/1/2022,1636000,327200,818000,490800
5/17/2022,8196000,1639200,4098000,2458800
3/12/2023,9769000,1953800,4884500,2930700
9/23/2024,757000,151400,378500,227100
11/7/2023,3290000,658000,1645000,987000
1/11/2023,7321000,1464200,3660500,2196300
12/3/2022,8271000,1654200,4135500,2481300
11/8/2023,545000,109000,272500,163500
11/17/2024,6662000,1332400,3331000,1998600
1/28/2021,6070000,1214000,3035000,1821000
8/15/2022,7950000,1590000,3975000,2385000
1/11/2023,7030000,1406000,3515000,2109000
2/16/2021,9201000,1840200,4600500,2760300
1/1/2022,5106000,1021200,2553000,1531800
5/17/2023,5417000,1083400,2708500,1625100
6/22/2024,253000,50600,126500,75900
4/14/2022,4133000,826600,2066500,1239900
12/28/2022,8604000,1720800,4302000,2581200
6/12/2023,3624000,724800,1812000,1087200
9/4/2022,1490000,298000,745000,447000
6/7/2022,6826000,1365200,3413000,2047800
2/15/2022,987000,197400,493500,296100
6/1/2024,1833000,366600,916500,549900
12/8/2024,3112000,622400,1556000,933600
2/7/2024,223000,44600,111500,66900
6/11/2021,9979000,1995800,4989500,2993700
11/20/2021,6231000,1246200,3115500,1869300
1/24/2022,1382000,276400,691000,414600
10/9/2021,9386000,1877200,4693000,2815800
8/27/2021,1093000,218600,546500,327900
3/8/2022,2626000,525200,1313000,787800
7/8/2021,2419000,483800,1209500,725700
3/15/2023,8443000,1688600,4221500,2532900
2/16/2022,8322000,1664400,4161000,2496600
2/19/2024,3275000,655000,1637500,982500
3/14/2024,9867000,1973400,4933500,2960100
1/1/2023,6258000,1251600,3129000,1877400
7/29/2021,6339000,1267800,3169500,1901700
11/25/2024,9460000,1892000,4730000,2838000
12/25/2022,2954000,590800,1477000,886200
11/23/2024,3575000,715000,1787500,1072500
5/10/2021,9817000,1963400,4908500,2945100
8/23/2021,1370000,274000,685000,411000
5/26/2023,8106000,1621200,4053000,2431800
5/5/2024,8379000,1675800,4189500,2513700
4/25/2022,4413000,882600,2206500,1323900
5/14/2021,2439000,487800,1219500,731700
4/21/2021,1658000,331600,829000,497400
8/16/2022,2437000,487400,1218500,731100
3/1/2023,2605000,521000,1302500,781500
7/1/2024,8873000,1774600,4436500,2661900
12/8/2022,4426000,885200,2213000,1327800
8/29/2023,212000,42400,106000,63600
6/25/2022,8473000,1694600,4236500,2541900
12/14/2022,2997000,599400,1498500,899100
1/5/2024,1965000,393000,982500,589500
3/17/2023,3244000,648800,1622000,973200
4/20/2023,2803000,560600,1401500,840900
6/4/2023,8408000,1681600,4204000,2522400
6/4/2021,6488000,1297600,3244000,1946400
12/7/2021,1760000,352000,880000,528000
11/2/2022,4693000,938600,2346500,1407900
2/5/2024,6459000,1291800,3229500,1937700
4/25/2023,2294000,458800,1147000,688200
2/18/2021,7522000,1504400,3761000,2256600
6/7/2023,7952000,1590400,3976000,2385600
7/12/2023,1452000,290400,726000,435600
5/31/2022,228000,45600,114000,68400
3/23/2022,4084000,816800,2042000,1225200
10/29/2024,5971000,1194200,2985500,1791300
11/24/2021,8045000,1609000,4022500,2413500
5/11/2021,3171000,634200,1585500,951300
5/27/2021,3997000,799400,1998500,1199100
2/7/2021,3658000,731600,1829000,1097400
11/26/2022,2989000,597800,1494500,896700
12/2/2021,774000,154800,387000,232200
2/23/2024,4525000,905000,2262500,1357500
4/19/2021,7011000,1402200,3505500,2103300
4/8/2022,9790000,1958000,4895000,2937000
4/30/2024,4501000,900200,2250500,1350300
5/5/2021,2065000,413000,1032500,619500
7/5/2022,9270000,1854000,4635000,2781000
7/31/2022,835000,167000,417500,250500
6/9/2024,2222000,444400,1111000,666600
3/23/2021,6876000,1375200,3438000,2062800
1/27/2022,6202000,1240400,3101000,1860600
8/19/2023,3227000,645400,1613500,968100
4/9/2024,8487000,1697400,4243500,2546100
5/7/2021,5170000,1034000,2585000,1551000
4/15/2022,9186000,1837200,4593000,2755800
5/4/2021,7600000,1520000,3800000,2280000
7/13/2023,648000,129600,324000,194400
9/14/2024,3841000,768200,1920500,1152300
5/22/2024,1663000,332600,831500,498900
12/19/2022,9303000,1860600,4651500,2790900
6/26/2024,3124000,624800,1562000,937200
12/30/2023,3602000,720400,1801000,1080600
4/24/2023,9424000,1884800,4712000,2827200
6/1/2022,5983000,1196600,2991500,1794900
8/27/2022,8648000,1729600,4324000,2594400
6/24/2023,6374000,1274800,3187000,1912200
10/3/2024,53000,10600,26500,15900
11/7/2021,1423000,284600,711500,426900
9/14/2021,758000,151600,379000,227400
3/31/2021,8828000,1765600,4414000,2648400
6/14/2022,7149000,1429800,3574500,2144700
1/4/2024,6557000,1311400,3278500,1967100
7/16/2024,3716000,743200,1858000,1114800
4/7/2021,344000,68800,172000,103200
9/24/2022,2108000,421600,1054000,632400
2/15/2021,9707000,1941400,4853500,2912100
1/14/2023,270000,54000,135000,81000
7/10/2022,725000,145000,362500,217500
10/22/2021,221000,44200,110500,66300
5/20/2021,5264000,1052800,2632000,1579200
5/29/2021,6031000,1206200,3015500,1809300
8/18/2021,4228000,845600,2114000,1268400
11/3/2021,520000,104000,260000,156000
5/17/2023,7391000,1478200,3695500,2217300
6/17/2023,9055000,1811000,4527500,2716500
10/26/2021,5162000,1032400,2581000,1548600
8/6/2022,6975000,1395000,3487500,2092500
1/31/2021,3038000,607600,1519000,911400
11/3/2023,1099000,219800,549500,329700
7/31/2021,4553000,910600,2276500,1365900
8/21/2023,8732000,1746400,4366000,2619600
4/21/2024,4356000,871200,2178000,1306800
4/27/2021,8069000,1613800,4034500,2420700
2/27/2022,8769000,1753800,4384500,2630700
6/22/2023,2634000,526800,1317000,790200
5/6/2021,8922000,1784400,4461000,2676600
5/2/2022,7636000,1527200,3818000,2290800
7/5/2023,9349000,1869800,4674500,2804700
7/26/2021,8144000,1628800,4072000,2443200
12/5/2022,8931000,1786200,4465500,2679300
12/16/2024,8542000,1708400,4271000,2562600
11/7/2024,5102000,1020400,2551000,1530600
5/16/2023,6534000,1306800,3267000,1960200
4/5/2024,2578000,515600,1289000,773400
7/27/2021,2383000,476600,1191500,714900
2/22/2023,7360000,1472000,3680000,2208000
10/17/2023,1916000,383200,958000,574800
3/23/2024,8694000,1738800,4347000,2608200
9/4/2024,4513000,902600,2256500,1353900
8/15/2022,8839000,1767800,4419500,2651700
12/1/2023,3487000,697400,1743500,1046100
4/11/2021,6256000,1251200,3128000,1876800
8/3/2021,8176000,1635200,4088000,2452800
12/31/2021,6844000,1368800,3422000,2053200
9/13/2024,7212000,1442400,3606000,2163600
1/18/2024,2431000,486200,1215500,729300
5/30/2021,7380000,1476000,3690000,2214000
10/10/2024,1807000,361400,903500,542100
6/10/2022,9681000,1936200,4840500,2904300
6/6/2024,1588000,317600,794000,476400
5/24/2021,3395000,679000,1697500,1018500
1/22/2021,5393000,1078600,2696500,1617900
3/21/2022,4532000,906400,2266000,1359600
8/18/2023,4775000,955000,2387500,1432500
3/17/2023,6896000,1379200,3448000,2068800
6/27/2022,111000,22200,55500,33300
12/12/2021,3746000,749200,1873000,1123800
5/2/2022,3304000,660800,1652000,991200
7/16/2024,1998000,399600,999000,599400
6/7/2021,2700000,540000,1350000,810000
7/8/2022,2463000,492600,1231500,738900
10/13/2021,8416000,1683200,4208000,2524800
6/11/2022,7260000,1452000,3630000,2178000
12/20/2021,341000,68200,170500,102300
6/29/2023,8491000,1698200,4245500,2547300
5/20/2022,6568000,1313600,3284000,1970400
4/7/2022,593000,118600,296500,177900
12/17/2023,6543000,1308600,3271500,1962900
5/17/2024,1091000,218200,545500,327300
3/10/2022,1203000,240600,601500,360900
8/21/2021,921000,184200,460500,276300
2/6/2022,9362000,1872400,4681000,2808600
2/22/2023,1414000,282800,707000,424200
3/30/2024,6521000,1304200,3260500,1956300
7/20/2023,2728000,545600,1364000,818400
7/11/2023,2271000,454200,1135500,681300
6/23/2024,495000,99000,247500,148500
11/13/2021,7285000,1457000,3642500,2185500
12/3/2021,1458000,291600,729000,437400
11/14/2024,5423000,1084600,2711500,1626900
7/26/2023,3685000,737000,1842500,1105500
4/12/2021,438000,87600,219000,131400
12/30/2022,146000,29200,73000,43800
12/25/2021,8616000,1723200,4308000,2584800
5/3/2024,9862000,1972400,4931000,2958600
3/20/2024,1870000,374000,935000,561000
11/12/2023,7172000,1434400,3586000,2151600
2/25/2024,3908000,781600,1954000,1172400
6/7/2022,6095000,1219000,3047500,1828500
10/15/2021,2384000,476800,1192000,715200
9/29/2023,2743000,548600,1371500,822900
10/29/2023,6722000,1344400,3361000,2016600
2/11/2023,1725000,345000,862500,517500
9/25/2024,8087000,1617400,4043500,2426100
10/5/2021,8382000,1676400,4191000,2514600
7/20/2023,1436000,287200,718000,430800
7/3/2023,4287000,857400,2143500,1286100
10/24/2022,9575000,1915000,4787500,2872500
7/23/2022,2887000,577400,1443500,866100
11/19/2024,4780000,956000,2390000,1434000
7/9/2021,8160000,1632000,4080000,2448000
2/24/2023,9468000,1893600,4734000,2840400
3/5/2024,2003000,400600,1001500,600900
4/2/2021,6132000,1226400,3066000,1839600
6/12/2023,5945000,1189000,2972500,1783500
3/21/2023,9607000,1921400,4803500,2882100
10/3/2024,6231000,1246200,3115500,1869300
1/21/2024,5168000,1033600,2584000,1550400
8/26/2022,8929000,1785800,4464500,2678700
7/27/2021,8135000,1627000,4067500,2440500
12/22/2021,9440000,1888000,4720000,2832000
9/11/2022,4915000,983000,2457500,1474500
9/2/2022,7706000,1541200,3853000,2311800
6/5/2023,9571000,1914200,4785500,2871300
7/14/2022,1277000,255400,638500,383100
10/26/2021,2148000,429600,1074000,644400
5/15/2021,3637000,727400,1818500,1091100
7/14/2022,5054000,1010800,2527000,1516200
2/9/2023,8874000,1774800,4437000,2662200
2/27/2024,6347000,1269400,3173500,1904100
4/1/2021,1491000,298200,745500,447300
7/24/2021,523000,104600,261500,156900
8/24/2024,2590000,518000,1295000,777000
5/2/2021,5234000,1046800,2617000,1570200
8/21/2022,7024000,1404800,3512000,2107200
3/23/2024,1260000,252000,630000,378000
10/20/2024,9632000,1926400,4816000,2889600
1/21/2021,472000,94400,236000,141600
7/31/2023,5595000,1119000,2797500,1678500
5/17/2021,2482000,496400,1241000,744600
11/30/2024,788000,157600,394000,236400
2/14/2021,4403000,880600,2201500,1320900
11/12/2024,6956000,1391200,3478000,2086800
10/26/2022,72000,14400,36000,21600
8/8/2021,4897000,979400,2448500,1469100
2/28/2021,757000,151400,378500,227100
9/18/2021,3492000,698400,1746000,1047600
2/19/2023,5165000,1033000,2582500,1549500
12/7/2023,1468000,293600,734000,440400
11/8/2023,8380000,1676000,4190000,2514000
11/7/2022,2926000,585200,1463000,877800
12/23/2023,3873000,774600,1936500,1161900
7/1/2021,5665000,1133000,2832500,1699500
4/10/2024,1976000,395200,988000,592800
7/13/2021,3446000,689200,1723000,1033800
5/4/2024,4249000,849800,2124500,1274700
9/6/2021,2644000,528800,1322000,793200
6/22/2024,3593000,718600,1796500,1077900
7/11/2022,4757000,951400,2378500,1427100
8/14/2023,7860000,1572000,3930000,2358000
2/10/2023,9691000,1938200,4845500,2907300
1/22/2024,4438000,887600,2219000,1331400
2/25/2022,3400000,680000,1700000,1020000
9/30/2021,6958000,1391600,3479000,2087400
3/5/2021,3046000,609200,1523000,913800
5/9/2024,5124000,1024800,2562000,1537200
3/28/2021,3774000,754800,1887000,1132200
12/30/2023,5838000,1167600,2919000,1751400
6/28/2024,3813000,762600,1906500,1143900
10/24/2023,4333000,866600,2166500,1299900
3/6/2022,1000000,200000,500000,300000
2/17/2022,1792000,358400,896000,537600
4/13/2021,9433000,1886600,4716500,2829900
5/30/2022,4195000,839000,2097500,1258500
7/7/2022,8448000,1689600,4224000,2534400
8/25/2021,4856000,971200,2428000,1456800
1/22/2022,7998000,1599600,3999000,2399400
3/2/2021,7410000,1482000,3705000,2223000
9/2/2024,606000,121200,303000,181800
10/3/2023,7607000,1521400,3803500,2282100
3/29/2021,8660000,1732000,4330000,2598000
7/26/2024,135000,27000,67500,40500
2/11/2022,9114000,1822800,4557000,2734200
5/10/2022,7731000,1546200,3865500,2319300
9/19/2022,6048000,1209600,3024000,1814400
8/8/2024,6202000,1240400,3101000,1860600
5/19/2022,8876000,1775200,4438000,2662800
10/6/2021,7443000,1488600,3721500,2232900
2/16/2022,5501000,1100200,2750500,1650300
8/17/2023,5049000,1009800,2524500,1514700
1/17/2022,2865000,573000,1432500,859500
10/22/2023,3377000,675400,1688500,1013100
9/6/2024,2903000,580600,1451500,870900
1/10/2023,1927000,385400,963500,578100
7/11/2021,5677000,1135400,2838500,1703100
9/7/2024,3581000,716200,1790500,1074300
2/27/2024,3870000,774000,1935000,1161000
10/23/2023,4331000,866200,2165500,1299300
7/22/2022,4262000,852400,2131000,1278600
5/8/2023,5070000,1014000,2535000,1521000
8/19/2023,8298000,1659600,4149000,2489400
12/8/2022,317000,63400,158500,95100
6/14/2021,9965000,1993000,4982500,2989500
12/13/2022,2989000,597800,1494500,896700
9/20/2024,5387000,1077400,2693500,1616100
6/5/2023,1847000,369400,923500,554100
5/5/2024,6046000,1209200,3023000,1813800
2/24/2021,5503000,1100600,2751500,1650900
2/23/2024,126000,25200,63000,37800
8/24/2021,2310000,462000,1155000,693000
12/8/2021,9055000,1811000,4527500,2716500
6/15/2023,5600000,1120000,2800000,1680000
8/16/2022,7260000,1452000,3630000,2178000
1/12/2024,7288000,1457600,3644000,2186400
10/7/2024,9340000,1868000,4670000,2802000
6/23/2023,5918000,1183600,2959000,1775400
12/17/2021,5224000,1044800,2612000,1567200
6/18/2022,1896000,379200,948000,568800
8/30/2021,3262000,652400,1631000,978600
5/7/2023,4878000,975600,2439000,1463400
8/30/2022,5724000,1144800,2862000,1717200
4/13/2022,9535000,1907000,4767500,2860500
2/23/2021,381000,76200,190500,114300
12/14/2024,8107000,1621400,4053500,2432100
3/31/2022,5226000,1045200,2613000,1567800
7/22/2024,1438000,287600,719000,431400
9/15/2022,4940000,988000,2470000,1482000
10/5/2021,1339000,267800,669500,401700
4/2/2022,3599000,719800,1799500,1079700
10/13/2022,7734000,1546800,3867000,2320200
7/22/2021,7990000,1598000,3995000,2397000
6/11/2024,7533000,1506600,3766500,2259900
9/20/2022,6617000,1323400,3308500,1985100
12/29/2023,8713000,1742600,4356500,2613900
3/4/2022,3916000,783200,1958000,1174800
3/17/2021,8828000,1765600,4414000,2648400
11/22/2021,8782000,1756400,4391000,2634600
9/4/2021,9902000,1980400,4951000,2970600
7/30/2022,2445000,489000,1222500,733500
7/28/2021,8598000,1719600,4299000,2579400
10/6/2023,406000,81200,203000,121800
4/7/2024,1272000,254400,636000,381600
12/31/2021,4405000,881000,2202500,1321500
5/15/2023,1791000,358200,895500,537300
7/21/2024,3222000,644400,1611000,966600
8/5/2022,60000,12000,30000,18000
10/29/2021,8320000,1664000,4160000,2496000
7/5/2024,5076000,1015200,2538000,1522800
10/20/2021,4098000,819600,2049000,1229400
12/12/2021,3148000,629600,1574000,944400
3/15/2021,6009000,1201800,3004500,1802700
5/19/2021,5572000,1114400,2786000,1671600
6/18/2023,3691000,738200,1845500,1107300
7/25/2021,218000,43600,109000,65400
1/17/2024,6793000,1358600,3396500,2037900
8/12/2022,9274000,1854800,4637000,2782200
8/13/2021,2175000,435000,1087500,652500
10/7/2022,9307000,1861400,4653500,2792100
3/10/2023,2593000,518600,1296500,777900
9/24/2024,554000,110800,277000,166200
2/28/2024,2627000,525400,1313500,788100
5/29/2022,6920000,1384000,3460000,2076000
8/19/2021,4548000,909600,2274000,1364400
5/19/2023,7519000,1503800,3759500,2255700
11/20/2023,553000,110600,276500,165900
11/9/2022,2787000,557400,1393500,836100
8/10/2022,1094000,218800,547000,328200
12/2/2023,4319000,863800,2159500,1295700
7/25/2023,2032000,406400,1016000,609600
11/6/2021,6973000,1394600,3486500,2091900
12/31/2023,515000,103000,257500,154500
12/11/2024,4247000,849400,2123500,1274100
7/23/2024,1168000,233600,584000,350400
7/26/2024,2757000,551400,1378500,827100
6/16/2023,6419000,1283800,3209500,1925700
6/13/2021,7833000,1566600,3916500,2349900
11/12/2023,141000,28200,70500,42300
5/10/2023,413000,82600,206500,123900
8/5/2024,8599000,1719800,4299500,2579700
10/27/2022,3901000,780200,1950500,1170300
10/20/2021,7611000,1522200,3805500,2283300
5/17/2023,65000,13000,32500,19500
5/1/2023,9725000,1945000,4862500,2917500
11/7/2024,5326000,1065200,2663000,1597800
4/24/2021,7060000,1412000,3530000,2118000
7/29/2023,2785000,557000,1392500,835500
7/17/2024,2939000,587800,1469500,881700
10/4/2023,1135000,227000,567500,340500
10/23/2024,1848000,369600,924000,554400
1/26/2023,1150000,230000,575000,345000
1/14/2022,7691000,1538200,3845500,2307300
11/10/2024,1445000,289000,722500,433500
4/4/2023,214000,42800,107000,64200
4/20/2023,9808000,1961600,4904000,2942400
9/14/2023,4278000,855600,2139000,1283400
5/4/2024,248000,49600,124000,74400
8/3/2021,4925000,985000,2462500,1477500
9/11/2021,4341000,868200,2170500,1302300
9/21/2021,4119000,823800,2059500,1235700
3/14/2022,3714000,742800,1857000,1114200
7/2/2024,7279000,1455800,3639500,2183700
3/14/2021,174000,34800,87000,52200
12/30/2021,8113000,1622600,4056500,2433900
3/24/2022,9809000,1961800,4904500,2942700
4/17/2023,5281000,1056200,2640500,1584300
7/23/2022,2919000,583800,1459500,875700
6/29/2022,4896000,979200,2448000,1468800
10/9/2021,7700000,1540000,3850000,2310000
4/29/2023,1715000,343000,857500,514500
6/6/2024,4790000,958000,2395000,1437000
6/17/2022,9097000,1819400,4548500,2729100
12/4/2021,101000,20200,50500,30300
2/7/2021,4241000,848200,2120500,1272300
8/1/2021,1813000,362600,906500,543900
9/25/2021,7790000,1558000,3895000,2337000
10/14/2023,7726000,1545200,3863000,2317800
3/22/2024,9771000,1954200,4885500,2931300
3/13/2021,2391000,478200,1195500,717300
9/10/2021,4893000,978600,2446500,1467900
12/22/2021,9015000,1803000,4507500,2704500
3/23/2022,1790000,358000,895000,537000
7/25/2023,9915000,1983000,4957500,2974500
11/27/2023,7471000,1494200,3735500,2241300
5/24/2023,3364000,672800,1682000,1009200
10/22/2021,4914000,982800,2457000,1474200
8/20/2023,5292000,1058400,2646000,1587600
1/31/2024,4953000,990600,2476500,1485900
1/19/2021,7190000,1438000,3595000,2157000
8/11/2024,7084000,1416800,3542000,2125200
9/27/2023,3092000,618400,1546000,927600
8/6/2024,6950000,1390000,3475000,2085000
12/28/2023,2037000,407400,1018500,611100
5/27/2024,6085000,1217000,3042500,1825500
12/9/2022,7533000,1506600,3766500,2259900
5/25/2021,6148000,1229600,3074000,1844400
4/4/2024,7263000,1452600,3631500,2178900
9/19/2024,8195000,1639000,4097500,2458500
8/7/2022,3426000,685200,1713000,1027800
4/17/2024,1921000,384200,960500,576300
4/10/2021,8721000,1744200,4360500,2616300
5/15/2022,4864000,972800,2432000,1459200
3/16/2021,239000,47800,119500,71700
6/10/2023,7880000,1576000,3940000,2364000
8/17/2021,2532000,506400,1266000,759600
11/8/2024,1196000,239200,598000,358800
12/13/2021,3041000,608200,1520500,912300
12/19/2021,8893000,1778600,4446500,2667900
9/18/2024,9941000,1988200,4970500,2982300
3/26/2023,9679000,1935800,4839500,2903700
6/19/2021,9645000,1929000,4822500,2893500
12/5/2023,164000,32800,82000,49200
11/5/2021,5196000,1039200,2598000,1558800
10/1/2024,5571000,1114200,2785500,1671300
1/19/2021,9707000,1941400,4853500,2912100
3/7/2024,7624000,1524800,3812000,2287200
9/6/2024,688000,137600,344000,206400
9/20/2021,2285000,457000,1142500,685500
4/25/2024,6461000,1292200,3230500,1938300
6/23/2021,285000,57000,142500,85500
3/24/2022,1403000,280600,701500,420900
5/5/2022,9092000,1818400,4546000,2727600
10/7/2021,2830000,566000,1415000,849000
3/1/2022,2207000,441400,1103500,662100
3/5/2024,5729000,1145800,2864500,1718700
9/16/2021,8995000,1799000,4497500,2698500
10/7/2021,1968000,393600,984000,590400
3/4/2021,6554000,1310800,3277000,1966200
10/6/2024,7448000,1489600,3724000,2234400
1/30/2023,2090000,418000,1045000,627000
3/24/2021,2009000,401800,1004500,602700
7/3/2021,9253000,1850600,4626500,2775900
11/26/2024,8158000,1631600,4079000,2447400
7/19/2022,5170000,1034000,2585000,1551000
7/12/2022,3696000,739200,1848000,1108800
10/26/2021,7936000,1587200,3968000,2380800
4/26/2023,4527000,905400,2263500,1358100
3/6/2024,2318000,463600,1159000,695400
7/8/2024,2755000,551000,1377500,826500
9/7/2023,2015000,403000,1007500,604500
4/20/2024,1177000,235400,588500,353100
12/13/2022,5986000,1197200,2993000,1795800
1/8/2023,4256000,851200,2128000,1276800
6/10/2021,450000,90000,225000,135000
6/7/2021,5237000,1047400,2618500,1571100
4/4/2024,8040000,1608000,4020000,2412000
5/9/2022,5353000,1070600,2676500,1605900
11/29/2024,6000000,1200000,3000000,1800000
1/20/2021,7205000,1441000,3602500,2161500
9/30/2022,9543000,1908600,4771500,2862900
5/16/2023,195000,39000,97500,58500
1/17/2023,6483000,1296600,3241500,1944900
4/26/2023,2173000,434600,1086500,651900
10/15/2022,1886000,377200,943000,565800
6/26/2022,8489000,1697800,4244500,2546700
1/13/2023,3750000,750000,1875000,1125000
7/28/2022,8156000,1631200,4078000,2446800
8/30/2022,3230000,646000,1615000,969000
3/10/2022,5474000,1094800,2737000,1642200
4/9/2022,2060000,412000,1030000,618000
8/18/2022,9460000,1892000,4730000,2838000
3/28/2024,8066000,1613200,4033000,2419800
12/17/2024,9110000,1822000,4555000,2733000
6/2/2024,3964000,792800,1982000,1189200
5/20/2021,1195000,239000,597500,358500
1/9/2022,894000,178800,447000,268200
7/18/2024,6361000,1272200,3180500,1908300
11/19/2023,3992000,798400,1996000,1197600
12/28/2022,9238000,1847600,4619000,2771400
5/30/2023,2436000,487200,1218000,730800
1/19/2024,1863000,372600,931500,558900
12/10/2022,1464000,292800,732000,439200
4/26/2021,5234000,1046800,2617000,1570200
2/24/2022,1871000,374200,935500,561300
5/23/2024,4199000,839800,2099500,1259700
8/30/2022,6918000,1383600,3459000,2075400
1/22/2022,6554000,1310800,3277000,1966200
7/23/2022,6671000,1334200,3335500,2001300
2/26/2023,5112000,1022400,2556000,1533600
7/7/2021,9920000,1984000,4960000,2976000
11/23/2023,4051000,810200,2025500,1215300
9/16/2024,1837000,367400,918500,551100
3/30/2022,503000,100600,251500,150900
2/5/2021,8886000,1777200,4443000,2665800
11/19/2024,5246000,1049200,2623000,1573800
3/20/2023,9659000,1931800,4829500,2897700
9/23/2023,7615000,1523000,3807500,2284500
8/27/2023,8656000,1731200,4328000,2596800
12/5/2021,9245000,1849000,4622500,2773500
10/24/2022,3049000,609800,1524500,914700
8/13/2024,7003000,1400600,3501500,2100900
12/11/2023,1121000,224200,560500,336300
10/8/2022,1079000,215800,539500,323700
7/29/2024,9045000,1809000,4522500,2713500
8/16/2023,9325000,1865000,4662500,2797500
9/13/2021,6099000,1219800,3049500,1829700
10/25/2021,4399000,879800,2199500,1319700
10/26/2023,9321000,1864200,4660500,2796300
4/12/2021,1450000,290000,725000,435000
2/12/2023,4083000,816600,2041500,1224900
7/9/2021,6813000,1362600,3406500,2043900
1/17/2021,2827000,565400,1413500,848100
2/14/2021,5422000,1084400,2711000,1626600
7/25/2022,3495000,699000,1747500,1048500
9/25/2023,6856000,1371200,3428000,2056800
6/8/2023,7047000,1409400,3523500,2114100
4/16/2022,2597000,519400,1298500,779100
4/10/2024,2828000,565600,1414000,848400
10/12/2021,8229000,1645800,4114500,2468700
7/10/2023,1168000,233600,584000,350400
4/20/2023,6163000,1232600,3081500,1848900
1/22/2024,3196000,639200,1598000,958800
6/30/2024,4344000,868800,2172000,1303200
2/26/2023,5600000,1120000,2800000,1680000
6/17/2022,6799000,1359800,3399500,2039700
8/31/2021,8236000,1647200,4118000,2470800
7/17/2022,2094000,418800,1047000,628200
2/25/2022,2101000,420200,1050500,630300
8/4/2023,2561000,512200,1280500,768300
2/5/2024,3590000,718000,1795000,1077000
5/3/2022,2336000,467200,1168000,700800
5/26/2022,1824000,364800,912000,547200
8/17/2024,2200000,440000,1100000,660000
1/23/2022,3362000,672400,1681000,1008600
7/24/2021,2728000,545600,1364000,818400
4/7/2022,6188000,1237600,3094000,1856400
3/9/2021,6939000,1387800,3469500,2081700
8/25/2021,7672000,1534400,3836000,2301600
10/18/2024,1571000,314200,785500,471300
5/9/2022,9406000,1881200,4703000,2821800
8/21/2022,6470000,1294000,3235000,1941000
4/12/2023,3644000,728800,1822000,1093200
5/21/2022,3157000,631400,1578500,947100
7/29/2023,3275000,655000,1637500,982500
5/21/2021,3910000,782000,1955000,1173000
9/2/2023,5954000,1190800,2977000,1786200
9/5/2024,5635000,1127000,2817500,1690500
5/13/2021,6171000,1234200,3085500,1851300
9/29/2023,5428000,1085600,2714000,1628400
6/11/2023,2900000,580000,1450000,870000
8/11/2021,3993000,798600,1996500,1197900
2/25/2023,8439000,1687800,4219500,2531700
8/3/2022,6682000,1336400,3341000,2004600
7/3/2022,8036000,1607200,4018000,2410800
7/17/2021,9279000,1855800,4639500,2783700
3/27/2021,9456000,1891200,4728000,2836800
8/3/2024,2733000,546600,1366500,819900
5/18/2024,7507000,1501400,3753500,2252100
6/20/2021,9518000,1903600,4759000,2855400
5/23/2024,3583000,716600,1791500,1074900
6/2/2021,4813000,962600,2406500,1443900
3/19/2023,4858000,971600,2429000,1457400
6/30/2021,3089000,617800,1544500,926700
9/25/2024,5307000,1061400,2653500,1592100
11/9/2022,7070000,1414000,3535000,2121000
4/16/2022,7486000,1497200,3743000,2245800
1/15/2021,9869000,1973800,4934500,2960700
12/13/2023,8319000,1663800,4159500,2495700
10/26/2022,7506000,1501200,3753000,2251800
3/29/2024,8226000,1645200,4113000,2467800
10/19/2021,6398000,1279600,3199000,1919400
9/1/2023,543000,108600,271500,162900
1/26/2021,2809000,561800,1404500,842700
9/16/2024,2452000,490400,1226000,735600
9/4/2023,1724000,344800,862000,517200
10/26/2021,9628000,1925600,4814000,2888400
2/15/2024,7016000,1403200,3508000,2104800
12/11/2024,6302000,1260400,3151000,1890600
10/6/2024,9952000,1990400,4976000,2985600
2/1/2024,3747000,749400,1873500,1124100
12/5/2024,768000,153600,384000,230400
4/21/2024,3070000,614000,1535000,921000
2/27/2022,8686000,1737200,4343000,2605800
2/28/2024,6265000,1253000,3132500,1879500
10/29/2022,5094000,1018800,2547000,1528200
7/6/2021,8982000,1796400,4491000,2694600
1/17/2021,4495000,899000,2247500,1348500
3/2/2023,3748000,749600,1874000,1124400
1/11/2023,275000,55000,137500,82500
2/22/2024,7318000,1463600,3659000,2195400
6/17/2023,2459000,491800,1229500,737700
6/10/2021,3534000,706800,1767000,1060200
10/2/2024,3356000,671200,1678000,1006800
5/1/2024,6484000,1296800,3242000,1945200
6/10/2023,1539000,307800,769500,461700
10/21/2023,642000,128400,321000,192600
1/25/2023,3713000,742600,1856500,1113900
8/16/2023,8968000,1793600,4484000,2690400
3/16/2024,3860000,772000,1930000,1158000
8/27/2021,3883000,776600,1941500,1164900
9/13/2024,6244000,1248800,3122000,1873200
12/24/2022,7186000,1437200,3593000,2155800
3/17/2021,5417000,1083400,2708500,1625100
10/15/2024,2991000,598200,1495500,897300
5/22/2022,2194000,438800,1097000,658200
5/4/2024,4367000,873400,2183500,1310100
8/24/2024,572000,114400,286000,171600
5/18/2022,7207000,1441400,3603500,2162100
10/30/2021,8583000,1716600,4291500,2574900
9/15/2024,8248000,1649600,4124000,2474400
11/21/2023,5902000,1180400,2951000,1770600
10/11/2024,7350000,1470000,3675000,2205000
9/30/2024,1953000,390600,976500,585900
9/2/2023,9726000,1945200,4863000,2917800
6/14/2023,3427000,685400,1713500,1028100
8/6/2023,3220000,644000,1610000,966000
2/8/2022,3861000,772200,1930500,1158300
11/5/2024,8081000,1616200,4040500,2424300
11/6/2021,8794000,1758800,4397000,2638200
9/8/2023,3318000,663600,1659000,995400
12/2/2023,5414000,1082800,2707000,1624200
10/21/2022,2790000,558000,1395000,837000
2/7/2022,7024000,1404800,3512000,2107200
9/18/2024,8117000,1623400,4058500,2435100
7/2/2024,8219000,1643800,4109500,2465700
10/28/2022,6946000,1389200,3473000,2083800
6/5/2024,9316000,1863200,4658000,2794800
12/16/2023,9486000,1897200,4743000,2845800
11/22/2021,9684000,1936800,4842000,2905200
7/6/2022,4002000,800400,2001000,1200600
6/13/2021,2025000,405000,1012500,607500
6/29/2021,9970000,1994000,4985000,2991000
4/15/2022,4942000,988400,2471000,1482600
1/20/2022,6980000,1396000,3490000,2094000
7/21/2022,6117000,1223400,3058500,1835100
1/22/2021,3759000,751800,1879500,1127700
10/1/2024,6169000,1233800,3084500,1850700
3/16/2023,6963000,1392600,3481500,2088900
1/5/2022,4801000,960200,2400500,1440300
2/22/2024,7236000,1447200,3618000,2170800
5/29/2023,1220000,244000,610000,366000
10/11/2021,8224000,1644800,4112000,2467200
2/17/2024,7314000,1462800,3657000,2194200
9/17/2021,4338000,867600,2169000,1301400
5/4/2023,2206000,441200,1103000,661800
2/10/2024,5478000,1095600,2739000,1643400
8/12/2021,571000,114200,285500,171300
2/24/2023,602000,120400,301000,180600
8/25/2022,1202000,240400,601000,360600
1/29/2022,3867000,773400,1933500,1160100
3/20/2024,766000,153200,383000,229800
3/23/2021,5589000,1117800,2794500,1676700
8/25/2021,6670000,1334000,3335000,2001000
4/26/2021,5599000,1119800,2799500,1679700
7/22/2023,8875000,1775000,4437500,2662500
1/25/2021,2169000,433800,1084500,650700
1/13/2023,1115000,223000,557500,334500
4/2/2024,2712000,542400,1356000,813600
6/10/2021,8917000,1783400,4458500,2675100
5/4/2024,3506000,701200,1753000,1051800
7/4/2022,3309000,661800,1654500,992700
11/28/2021,3405000,681000,1702500,1021500
1/28/2021,8115000,1623000,4057500,2434500
7/25/2023,3218000,643600,1609000,965400
3/17/2021,2094000,418800,1047000,628200
10/15/2022,559000,111800,279500,167700
5/19/2024,7822000,1564400,3911000,2346600
7/7/2022,2456000,491200,1228000,736800
11/5/2023,7128000,1425600,3564000,2138400
8/30/2022,3651000,730200,1825500,1095300
9/15/2024,1417000,283400,708500,425100
1/26/2022,2318000,463600,1159000,695400
11/17/2024,934000,186800,467000,280200
9/12/2024,8409000,1681800,4204500,2522700
12/9/2024,2825000,565000,1412500,847500
5/31/2023,6670000,1334000,3335000,2001000
8/23/2024,4836000,967200,2418000,1450800
2/24/2023,9751000,1950200,4875500,2925300
7/11/2022,9719000,1943800,4859500,2915700
8/28/2021,2816000,563200,1408000,844800
4/19/2024,5321000,1064200,2660500,1596300
9/28/2023,2546000,509200,1273000,763800
4/17/2022,1321000,264200,660500,396300
10/19/2024,2903000,580600,1451500,870900
6/19/2022,2899000,579800,1449500,869700
1/27/2023,7613000,1522600,3806500,2283900
11/16/2023,6793000,1358600,3396500,2037900
6/22/2024,6142000,1228400,3071000,1842600
12/28/2021,1353000,270600,676500,405900
9/4/2023,5424000,1084800,2712000,1627200
7/12/2021,7338000,1467600,3669000,2201400
7/29/2022,6789000,1357800,3394500,2036700
7/29/2021,1720000,344000,860000,516000
11/11/2021,8695000,1739000,4347500,2608500
3/1/2022,254000,50800,127000,76200
11/6/2024,3886000,777200,1943000,1165800
6/5/2023,6532000,1306400,3266000,1959600
8/18/2024,5680000,1136000,2840000,1704000
5/28/2024,6493000,1298600,3246500,1947900
1/7/2022,6404000,1280800,3202000,1921200
8/26/2021,7782000,1556400,3891000,2334600
3/16/2022,6972000,1394400,3486000,2091600
5/23/2021,1324000,264800,662000,397200
8/28/2021,564000,112800,282000,169200
10/13/2022,3201000,640200,1600500,960300
11/1/2024,4383000,876600,2191500,1314900
11/14/2023,2172000,434400,1086000,651600
4/9/2023,8751000,1750200,4375500,2625300
2/28/2024,3565000,713000,1782500,1069500
6/9/2022,2203000,440600,1101500,660900
5/6/2024,7591000,1518200,3795500,2277300
6/26/2022,5263000,1052600,2631500,1578900
12/24/2022,2440000,488000,1220000,732000
9/20/2021,6671000,1334200,3335500,2001300
7/24/2023,1950000,390000,975000,585000
1/23/2024,5675000,1135000,2837500,1702500
1/18/2024,5129000,1025800,2564500,1538700
3/8/2024,6503000,1300600,3251500,1950900
3/11/2021,74000,14800,37000,22200
8/11/2023,4155000,831000,2077500,1246500
2/4/2022,7392000,1478400,3696000,2217600
7/21/2021,8181000,1636200,4090500,2454300
9/20/2022,7577000,1515400,3788500,2273100
8/27/2022,1226000,245200,613000,367800
6/7/2024,9957000,1991400,4978500,2987100
3/18/2021,1415000,283000,707500,424500
4/10/2022,3957000,791400,1978500,1187100
11/20/2024,6360000,1272000,3180000,1908000
2/4/2022,6872000,1374400,3436000,2061600
2/5/2024,2582000,516400,1291000,774600
4/13/2024,4916000,983200,2458000,1474800
10/21/2021,3642000,728400,1821000,1092600
11/15/2024,2791000,558200,1395500,837300
11/7/2021,3392000,678400,1696000,1017600
3/29/2023,6833000,1366600,3416500,2049900
12/11/2022,7008000,1401600,3504000,2102400
7/29/2022,1790000,358000,895000,537000
9/10/2022,8704000,1740800,4352000,2611200
9/11/2024,6774000,1354800,3387000,2032200
6/7/2022,8925000,1785000,4462500,2677500
2/12/2022,6135000,1227000,3067500,1840500
3/23/2024,7364000,1472800,3682000,2209200
1/13/2023,6801000,1360200,3400500,2040300
3/21/2024,2234000,446800,1117000,670200
3/4/2021,9039000,1807800,4519500,2711700
12/22/2023,8526000,1705200,4263000,2557800
5/7/2022,3946000,789200,1973000,1183800
11/17/2023,7336000,1467200,3668000,2200800
8/24/2022,1436000,287200,718000,430800
6/16/2023,6581000,1316200,3290500,1974300
2/21/2021,7991000,1598200,3995500,2397300
6/25/2024,5669000,1133800,2834500,1700700
5/5/2023,2604000,520800,1302000,781200
10/28/2023,8849000,1769800,4424500,2654700
11/29/2022,3281000,656200,1640500,984300
10/26/2021,147000,29400,73500,44100
3/2/2021,949000,189800,474500,284700
4/14/2023,822000,164400,411000,246600
7/20/2023,2967000,593400,1483500,890100
1/28/2021,141000,28200,70500,42300
10/20/2022,6322000,1264400,3161000,1896600
9/1/2021,6823000,1364600,3411500,2046900
1/28/2022,9548000,1909600,4774000,2864400
10/7/2024,442000,88400,221000,132600
12/29/2023,8158000,1631600,4079000,2447400
2/15/2022,1373000,274600,686500,411900
12/14/2024,7105000,1421000,3552500,2131500
4/14/2021,458000,91600,229000,137400
8/12/2022,8822000,1764400,4411000,2646600
9/24/2024,1502000,300400,751000,450600
6/26/2023,5128000,1025600,2564000,1538400
5/2/2023,6822000,1364400,3411000,2046600
3/27/2022,5591000,1118200,2795500,1677300
3/6/2024,6129000,1225800,3064500,1838700
1/27/2021,7308000,1461600,3654000,2192400
7/3/2021,601000,120200,300500,180300
3/25/2023,8813000,1762600,4406500,2643900
4/20/2022,1433000,286600,716500,429900
7/20/2023,6210000,1242000,3105000,1863000
11/23/2022,204000,40800,102000,61200
5/14/2023,5994000,1198800,2997000,1798200
8/1/2024,6670000,1334000,3335000,2001000
2/21/2023,7328000,1465600,3664000,2198400
9/25/2022,4994000,998800,2497000,1498200
5/28/2024,976000,195200,488000,292800
12/7/2021,9095000,1819000,4547500,2728500
8/22/2023,8893000,1778600,4446500,2667900
9/21/2023,8061000,1612200,4030500,2418300
3/2/2024,9883000,1976600,4941500,2964900
5/10/2024,9174000,1834800,4587000,2752200
4/13/2021,4495000,899000,2247500,1348500
10/18/2021,87000,17400,43500,26100
10/18/2021,9726000,1945200,4863000,2917800
1/24/2021,6686000,1337200,3343000,2005800
11/15/2022,2678000,535600,1339000,803400
10/19/2022,6422000,1284400,3211000,1926600
10/13/2021,3478000,695600,1739000,1043400
8/23/2024,318000,63600,159000,95400
2/11/2021,5959000,1191800,2979500,1787700
6/30/2023,7884000,1576800,3942000,2365200
1/26/2021,3233000,646600,1616500,969900
8/23/2024,1318000,263600,659000,395400
6/19/2021,7739000,1547800,3869500,2321700
3/19/2023,7097000,1419400,3548500,2129100
9/15/2022,6241000,1248200,3120500,1872300
6/22/2022,9476000,1895200,4738000,2842800
11/21/2023,6989000,1397800,3494500,2096700
4/14/2021,3634000,726800,1817000,1090200
6/22/2021,5668000,1133600,2834000,1700400
9/24/2024,8261000,1652200,4130500,2478300
7/19/2024,2180000,436000,1090000,654000
8/23/2024,9519000,1903800,4759500,2855700
1/10/2023,1086000,217200,543000,325800
2/26/2023,7387000,1477400,3693500,2216100
7/13/2021,8386000,1677200,4193000,2515800
7/27/2022,7878000,1575600,3939000,2363400
3/15/2021,903000,180600,451500,270900
5/27/2021,7916000,1583200,3958000,2374800
5/27/2024,6257000,1251400,3128500,1877100
1/18/2024,9610000,1922000,4805000,2883000
2/23/2023,2972000,594400,1486000,891600
4/15/2022,9051000,1810200,4525500,2715300
3/29/2023,1681000,336200,840500,504300
5/15/2023,5209000,1041800,2604500,1562700
4/5/2023,4784000,956800,2392000,1435200
12/13/2023,7805000,1561000,3902500,2341500
12/4/2024,6947000,1389400,3473500,2084100
4/1/2021,899000,179800,449500,269700
2/9/2024,2671000,534200,1335500,801300
4/23/2024,4896000,979200,2448000,1468800
4/28/2024,9531000,1906200,4765500,2859300
2/25/2024,5549000,1109800,2774500,1664700
6/23/2022,435000,87000,217500,130500
8/23/2021,2117000,423400,1058500,635100
8/30/2021,5363000,1072600,2681500,1608900
8/9/2022,1054000,210800,527000,316200
5/23/2023,2626000,525200,1313000,787800
4/16/2021,1875000,375000,937500,562500
4/30/2023,2347000,469400,1173500,704100
9/15/2024,3073000,614600,1536500,921900
7/17/2023,3195000,639000,1597500,958500
1/28/2024,6388000,1277600,3194000,1916400
7/11/2022,2094000,418800,1047000,628200
12/26/2022,2631000,526200,1315500,789300
4/9/2022,4513000,902600,2256500,1353900
